face-on central tau B
      3.78000
sfr
     0.950000
old
     0.350000
bd
      2.00000
      tau1
      3.17000
   hd [pc]
      5200.00
   zd [pc]
      140.000
 hdin [pc]
      4500.00
 zdin [pc]
      140.000
   hdsolar [pc]
      8000.00
   zdsolar [pc]
      140.000
      tau2
     0.610000
  hd1 [pc]
      3200.00
  zd1 [pc]
      50.0000
hd1in [pc]
      4500.00
zd1in [pc]
      67.0000
  hd1solar [pc]
      8000.00
  zd1solar [pc]
      90.0000
   hs [pc]
      3200.00
   zs [pc]
      140.000
 hsin [pc]
      4500.00
 zsin [pc]
      170.000
   hssolar [pc]
      8000.00
   zssolar [pc]
      300.000
 rtruncate [pc]
      14000.0
  hs1 [pc]
      3200.00
  zs1 [pc]
      50.0000
hs1in [pc]
      4500.00
zs1in [pc]
      67.0000
  hs1solar [pc]
      8000.00
  zs1solar [pc]
      90.0000
rtruncate1 [pc]
      14000.0
   ifinns2
           3
   ifinns1
           3
   ifinnd1
           3
   ifinnd2
           3
    idisk1
           3
    idisk2
           3
nposition in r
          23
nposition in z
          22
          
    r(pc)      z(pc)   urad(erg/pc3/A)        eabs(erg/s/pc3/A)
      0.00000      0.00000   5.5469367e+41   5.9719228e+30
      0.00000      50.0000   3.1705611e+41   2.6357625e+30
      0.00000      100.000   1.5291442e+41   8.0954417e+29
      0.00000      150.000   9.0676199e+40   2.8171915e+29
      0.00000      200.000   6.1316644e+40   1.0347646e+29
      0.00000      300.000   3.3262374e+40   1.4605264e+28
      0.00000      400.000   2.1288891e+40   2.2868105e+27
      0.00000      600.000   1.0880785e+40   6.7545133e+25
      0.00000      800.000   6.6178600e+39   2.3598796e+24
      0.00000      1000.00   4.6769893e+39   9.5798623e+22
      0.00000      1500.00   2.8057703e+39   4.5430184e+19
      0.00000      2000.00   2.1370148e+39   2.7347929e+16
      0.00000      2500.00   1.7807169e+39   1.8018074e+13
      0.00000      3000.00   1.5538164e+39   1.2424762e+10
      0.00000      3500.00   1.3731007e+39       8681473.9
      0.00000      4000.00   1.2217213e+39       6104.3335
      0.00000      5000.00   9.8363509e+38    0.0030717713
      0.00000      5500.00   8.9209907e+38   2.2018062e-06
      0.00000      6000.00   8.0624955e+38   1.5735275e-09
      0.00000      7000.00   6.6056282e+38   8.0555880e-16
      0.00000      8000.00   5.4708215e+38   4.1634395e-22
      0.00000      10000.0   3.8875749e+38   1.1312340e-34
      50.0000      0.00000   4.0349452e+41   4.3913527e+30
      50.0000      50.0000   2.5424660e+41   2.1367357e+30
      50.0000      100.000   1.4479854e+41   7.7490848e+29
      50.0000      150.000   9.1165727e+40   2.8625484e+29
      50.0000      200.000   6.2683674e+40   1.0693162e+29
      50.0000      300.000   3.4202244e+40   1.5181853e+28
      50.0000      400.000   2.1507828e+40   2.3358470e+27
      50.0000      600.000   1.0922454e+40   6.8549785e+25
      50.0000      800.000   6.6138314e+39   2.3847420e+24
      50.0000      1000.00   4.6581087e+39   9.6461503e+22
      50.0000      1500.00   2.7820775e+39   4.5547749e+19
      50.0000      2000.00   2.1203985e+39   2.7443601e+16
      50.0000      2500.00   1.7735647e+39   1.8140375e+13
      50.0000      3000.00   1.5421268e+39   1.2470407e+10
      50.0000      3500.00   1.3673089e+39       8740218.6
      50.0000      4000.00   1.2192071e+39       6162.0022
      50.0000      5000.00   9.7998177e+38    0.0030950265
      50.0000      5500.00   8.8904258e+38   2.2191393e-06
      50.0000      6000.00   8.0449304e+38   1.5872198e-09
      50.0000      7000.00   6.6023492e+38   8.1396486e-16
      50.0000      8000.00   5.4839757e+38   4.2198234e-22
      50.0000      10000.0   3.8792260e+38   1.1416578e-34
      100.000      0.00000   1.9675161e+41   2.1643944e+30
      100.000      50.0000   1.5927356e+41   1.3532967e+30
      100.000      100.000   1.1196376e+41   6.0587956e+29
      100.000      150.000   8.0546583e+40   2.5581443e+29
      100.000      200.000   5.8956297e+40   1.0166225e+29
      100.000      300.000   3.4795137e+40   1.5618444e+28
      100.000      400.000   2.2843968e+40   2.5082128e+27
      100.000      600.000   1.1271472e+40   7.1523563e+25
      100.000      800.000   6.7043133e+39   2.4442262e+24
      100.000      1000.00   4.6863192e+39   9.8133353e+22
      100.000      1500.00   2.7724009e+39   4.5881763e+19
      100.000      2000.00   2.1020515e+39   2.7501837e+16
      100.000      2500.00   1.7613046e+39   1.8216175e+13
      100.000      3000.00   1.5303094e+39   1.2510089e+10
      100.000      3500.00   1.3619003e+39       8802454.0
      100.000      4000.00   1.2135797e+39       6200.9477
      100.000      5000.00   9.7688526e+38    0.0031186515
      100.000      5500.00   8.8530935e+38   2.2340443e-06
      100.000      6000.00   8.0267120e+38   1.6010076e-09
      100.000      7000.00   6.5895324e+38   8.2134239e-16
      100.000      8000.00   5.4836333e+38   4.2654915e-22
      100.000      10000.0   3.8842027e+38   1.1555396e-34
      150.000      0.00000   1.1619078e+41   1.2914442e+30
      150.000      50.0000   1.0239331e+41   8.7936775e+29
      150.000      100.000   8.0780189e+40   4.4198973e+29
      150.000      150.000   6.4252220e+40   2.0627529e+29
      150.000      200.000   5.0652157e+40   8.8276947e+28
      150.000      300.000   3.3125267e+40   1.5030501e+28
      150.000      400.000   2.2845225e+40   2.5355138e+27
      150.000      600.000   1.2121879e+40   7.7767631e+25
      150.000      800.000   7.0013184e+39   2.5804350e+24
      150.000      1000.00   4.7984517e+39   1.0154707e+23
      150.000      1500.00   2.7837010e+39   4.6570326e+19
      150.000      2000.00   2.0982745e+39   2.7754616e+16
      150.000      2500.00   1.7550415e+39   1.8348693e+13
      150.000      3000.00   1.5207731e+39   1.2568866e+10
      150.000      3500.00   1.3553617e+39       8856263.9
      150.000      4000.00   1.2097202e+39       6247.4296
      150.000      5000.00   9.7359152e+38    0.0031409633
      150.000      5500.00   8.8276670e+38   2.2518949e-06
      150.000      6000.00   8.0147338e+38   1.6158563e-09
      150.000      7000.00   6.5842769e+38   8.2940049e-16
      150.000      8000.00   5.4791363e+38   4.3085051e-22
      150.000      10000.0   3.8958051e+38   1.1714325e-34
      200.000      0.00000   7.5677473e+40   8.5009730e+29
      200.000      50.0000   6.9690130e+40   6.0533468e+29
      200.000      100.000   5.9274015e+40   3.2780773e+29
      200.000      150.000   4.9542167e+40   1.6071315e+29
      200.000      200.000   4.1580350e+40   7.3246676e+28
      200.000      300.000   3.0047726e+40   1.3781484e+28
      200.000      400.000   2.2040411e+40   2.4730357e+27
      200.000      600.000   1.2348871e+40   8.0029795e+25
      200.000      800.000   7.5567129e+39   2.8145169e+24
      200.000      1000.00   5.0287989e+39   1.0758848e+23
      200.000      1500.00   2.8059177e+39   4.7455858e+19
      200.000      2000.00   2.0971963e+39   2.8036426e+16
      200.000      2500.00   1.7525025e+39   1.8517938e+13
      200.000      3000.00   1.5152458e+39   1.2656215e+10
      200.000      3500.00   1.3501993e+39       8917755.4
      200.000      4000.00   1.2054743e+39       6292.9504
      200.000      5000.00   9.6810976e+38    0.0031579413
      200.000      5500.00   8.7877852e+38   2.2661076e-06
      200.000      6000.00   7.9882101e+38   1.6278305e-09
      200.000      7000.00   6.5803176e+38   8.3815789e-16
      200.000      8000.00   5.4766960e+38   4.3530347e-22
      200.000      10000.0   3.9061845e+38   1.1871356e-34
      300.000      0.00000   3.8896673e+40   4.4602375e+29
      300.000      50.0000   3.6773766e+40   3.2618727e+29
      300.000      100.000   3.4827965e+40   1.9676307e+29
      300.000      150.000   3.0746948e+40   1.0189707e+29
      300.000      200.000   2.7784869e+40   5.0000684e+28
      300.000      300.000   2.1974144e+40   1.0290667e+28
      300.000      400.000   1.8602069e+40   2.1316922e+27
      300.000      600.000   1.2711225e+40   8.4193153e+25
      300.000      800.000   7.6256404e+39   2.9009426e+24
      300.000      1000.00   5.6812552e+39   1.2412978e+23
      300.000      1500.00   2.9939882e+39   5.1715534e+19
      300.000      2000.00   2.1426527e+39   2.9251057e+16
      300.000      2500.00   1.7561318e+39   1.8951634e+13
      300.000      3000.00   1.5129382e+39   1.2906550e+10
      300.000      3500.00   1.3441733e+39       9063763.8
      300.000      4000.00   1.1983362e+39       6388.5146
      300.000      5000.00   9.6300576e+38    0.0032082450
      300.000      5500.00   8.7479455e+38   2.3034733e-06
      300.000      6000.00   7.9507658e+38   1.6549362e-09
      300.000      7000.00   6.5582780e+38   8.5271325e-16
      300.000      8000.00   5.4653237e+38   4.4365150e-22
      300.000      10000.0   3.9189572e+38   1.2162850e-34
      400.000      0.00000   2.3282476e+40   2.7231628e+29
      400.000      50.0000   2.2711064e+40   2.0568238e+29
      400.000      100.000   2.1359517e+40   1.2323981e+29
      400.000      150.000   2.1543056e+40   7.2876011e+28
      400.000      200.000   1.8836506e+40   3.4607852e+28
      400.000      300.000   1.7476811e+40   8.3529187e+27
      400.000      400.000   1.3748878e+40   1.6080049e+27
      400.000      600.000   1.0533632e+40   7.1202620e+25
      400.000      800.000   8.8726973e+39   3.4459922e+24
      400.000      1000.00   5.5687298e+39   1.2419200e+23
      400.000      1500.00   3.3365441e+39   5.8816201e+19
      400.000      2000.00   2.2459299e+39   3.1302971e+16
      400.000      2500.00   1.7831434e+39   1.9645501e+13
      400.000      3000.00   1.5216284e+39   1.3251912e+10
      400.000      3500.00   1.3402308e+39       9225689.2
      400.000      4000.00   1.1969455e+39       6514.3049
      400.000      5000.00   9.6346941e+38    0.0032767578
      400.000      5500.00   8.6845795e+38   2.3345536e-06
      400.000      6000.00   7.8967221e+38   1.6778533e-09
      400.000      7000.00   6.5313895e+38   8.6708331e-16
      400.000      8000.00   5.4459829e+38   4.5129329e-22
      400.000      10000.0   3.9587255e+38   1.2539668e-34
      600.000      0.00000   1.1343713e+40   1.3790107e+29
      600.000      50.0000   1.1452962e+40   1.0805311e+29
      600.000      100.000   1.0638306e+40   6.3931835e+28
      600.000      150.000   1.0272254e+40   3.6196293e+28
      600.000      200.000   1.1200505e+40   2.1414558e+28
      600.000      300.000   9.4497324e+39   4.7027849e+27
      600.000      400.000   8.9251572e+39   1.0862054e+27
      600.000      600.000   6.9121813e+39   4.8626653e+25
      600.000      800.000   7.7376384e+39   3.1274737e+24
      600.000      1000.00   5.0013553e+39   1.1609811e+23
      600.000      1500.00   3.3685856e+39   6.1818615e+19
      600.000      2000.00   2.5468575e+39   3.6944314e+16
      600.000      2500.00   1.9282779e+39   2.2108728e+13
      600.000      3000.00   1.5818054e+39   1.4335018e+10
      600.000      3500.00   1.3597592e+39       9744155.1
      600.000      4000.00   1.1988641e+39       6789.2341
      600.000      5000.00   9.6179611e+38    0.0034042768
      600.000      5500.00   8.6161499e+38   2.4103001e-06
      600.000      6000.00   7.7995355e+38   1.7252613e-09
      600.000      7000.00   6.5002396e+38   8.9826369e-16
      600.000      8000.00   5.4371442e+38   4.6892493e-22
      600.000      10000.0   4.0093813e+38   1.3218281e-34
      800.000      0.00000   7.2157960e+39   9.0936555e+28
      800.000      50.0000   7.2660629e+39   7.1253730e+28
      800.000      100.000   6.6781113e+39   4.1741844e+28
      800.000      150.000   6.3729479e+39   2.3334752e+28
      800.000      200.000   6.2368773e+39   1.2398369e+28
      800.000      300.000   7.7468318e+39   4.0058363e+27
      800.000      400.000   5.8137109e+39   7.3543620e+26
      800.000      600.000   6.8337578e+39   4.9959484e+25
      800.000      800.000   4.3433584e+39   1.8243658e+24
      800.000      1000.00   5.7265355e+39   1.3812266e+23
      800.000      1500.00   4.0720210e+39   7.7648739e+19
      800.000      2000.00   2.4988731e+39   3.7672441e+16
      800.000      2500.00   2.0319664e+39   2.4213641e+13
      800.000      3000.00   1.7175842e+39   1.6178524e+10
      800.000      3500.00   1.4145348e+39       10533615.
      800.000      4000.00   1.2243363e+39       7205.4817
      800.000      5000.00   9.6579471e+38    0.0035522946
      800.000      5500.00   8.6201302e+38   2.5062121e-06
      800.000      6000.00   7.7898377e+38   1.7907518e-09
      800.000      7000.00   6.4932945e+38   9.3193202e-16
      800.000      8000.00   5.4451111e+38   4.8800334e-22
      800.000      10000.0   4.0239533e+38   1.3780548e-34
      1000.00      0.00000   5.4499772e+39   7.1113803e+28
      1000.00      50.0000   5.3199757e+39   5.4165961e+28
      1000.00      100.000   4.8706774e+39   3.1626083e+28
      1000.00      150.000   4.5686572e+39   1.7368011e+28
      1000.00      200.000   4.3959126e+39   9.0687182e+27
      1000.00      300.000   4.3742079e+39   2.3470589e+27
      1000.00      400.000   5.2003715e+39   6.8271214e+26
      1000.00      600.000   3.6624483e+39   2.7788214e+25
      1000.00      800.000   5.2569909e+39   2.2916254e+24
      1000.00      1000.00   3.2585940e+39   8.1569217e+22
      1000.00      1500.00   3.0622840e+39   6.0595025e+19
      1000.00      2000.00   4.1574389e+39   6.5036516e+16
      1000.00      2500.00   2.0134110e+39   2.4894080e+13
      1000.00      3000.00   1.6958948e+39   1.6577427e+10
      1000.00      3500.00   1.5086524e+39       11657536.
      1000.00      4000.00   1.2745367e+39       7787.0393
      1000.00      5000.00   9.7455820e+38    0.0037201916
      1000.00      5500.00   8.7131046e+38   2.6291697e-06
      1000.00      6000.00   7.8517991e+38   1.8724271e-09
      1000.00      7000.00   6.5280388e+38   9.7243574e-16
      1000.00      8000.00   5.4589988e+38   5.0771386e-22
      1000.00      10000.0   4.0177871e+38   1.4271058e-34
      1500.00      0.00000   4.0084211e+39   5.6679408e+28
      1500.00      50.0000   3.6667706e+39   4.0791141e+28
      1500.00      100.000   3.1576427e+39   2.2432130e+28
      1500.00      150.000   2.8184115e+39   1.1707246e+28
      1500.00      200.000   2.6507868e+39   5.9690734e+27
      1500.00      300.000   2.4755005e+39   1.4493802e+27
      1500.00      400.000   2.3887710e+39   3.4213476e+26
      1500.00      600.000   3.3711091e+39   2.7896700e+25
      1500.00      800.000   2.4114656e+39   1.1468476e+24
      1500.00      1000.00   2.4957940e+39   6.8163835e+22
      1500.00      1500.00   2.2133021e+39   4.7788105e+19
      1500.00      2000.00   3.2493817e+39   5.5452975e+16
      1500.00      2500.00   1.8747111e+39   2.5284416e+13
      1500.00      3000.00   2.8393478e+39   3.0280271e+10
      1500.00      3500.00   1.5501205e+39       13066250.
      1500.00      4000.00   1.2578856e+39       8381.0300
      1500.00      5000.00   1.0380748e+39    0.0043227391
      1500.00      5500.00   9.2487808e+38   3.0443224e-06
      1500.00      6000.00   8.1617196e+38   2.1239131e-09
      1500.00      7000.00   6.6643417e+38   1.0834249e-15
      1500.00      8000.00   5.5828688e+38   5.6631358e-22
      1500.00      10000.0   4.0070000e+38   1.5498286e-34
      2000.00      0.00000   4.0301849e+39   6.1296597e+28
      2000.00      50.0000   3.6355939e+39   4.3877945e+28
      2000.00      100.000   2.9986740e+39   2.3156475e+28
      2000.00      150.000   2.5960584e+39   1.1703090e+28
      2000.00      200.000   2.3922020e+39   5.8395511e+27
      2000.00      300.000   2.2438826e+39   1.4232910e+27
      2000.00      400.000   2.1234772e+39   3.2945475e+26
      2000.00      600.000   2.1110868e+39   1.8928959e+25
      2000.00      800.000   2.8174485e+39   1.4510000e+24
      2000.00      1000.00   2.1022000e+39   6.2193631e+22
      2000.00      1500.00   2.8915484e+39   6.7621019e+19
      2000.00      2000.00   1.7867999e+39   3.3032887e+16
      2000.00      2500.00   2.3540433e+39   3.4399202e+13
      2000.00      3000.00   1.5901628e+39   1.8369620e+10
      2000.00      3500.00   1.4379769e+39       13133278.
      2000.00      4000.00   2.1180103e+39       15285.147
      2000.00      5000.00   9.9293282e+38    0.0044784923
      2000.00      5500.00   8.9024314e+38   3.1747918e-06
      2000.00      6000.00   8.2266601e+38   2.3185641e-09
      2000.00      7000.00   6.9613196e+38   1.2259217e-15
      2000.00      8000.00   5.7609572e+38   6.3297138e-22
      2000.00      10000.0   3.9715147e+38   1.6595990e-34
      3000.00      0.00000   4.2766928e+39   7.3862547e+28
      3000.00      50.0000   3.8950156e+39   5.4365798e+28
      3000.00      100.000   3.1412591e+39   2.8217474e+28
      3000.00      150.000   2.5953628e+39   1.3561648e+28
      3000.00      200.000   2.3118420e+39   6.5262291e+27
      3000.00      300.000   2.1751628e+39   1.5924855e+27
      3000.00      400.000   2.1127836e+39   3.7825362e+26
      3000.00      600.000   1.9641412e+39   2.0319333e+25
      3000.00      800.000   1.8910145e+39   1.1241565e+24
      3000.00      1000.00   2.0160068e+39   6.8829713e+22
      3000.00      1500.00   1.7227913e+39   4.6489597e+19
      3000.00      2000.00   1.6028589e+39   3.4190543e+16
      3000.00      2500.00   1.7265708e+39   2.9117979e+13
      3000.00      3000.00   1.3043897e+39   1.7386949e+10
      3000.00      3500.00   1.2836603e+39       13525790.
      3000.00      4000.00   1.6613923e+39       13838.153
      3000.00      5000.00   9.3377990e+38    0.0048597203
      3000.00      5500.00   9.6718748e+38   3.9795019e-06
      3000.00      6000.00   1.3172752e+39   4.2834603e-09
      3000.00      7000.00   6.8579917e+38   1.3925940e-15
      3000.00      8000.00   5.5636003e+38   7.0456613e-22
      3000.00      10000.0   4.2138579e+38   2.0134700e-34
      4000.00      0.00000   4.4701828e+39   8.6080047e+28
      4000.00      50.0000   4.1122602e+39   6.5105253e+28
      4000.00      100.000   3.3062978e+39   3.3962818e+28
      4000.00      150.000   2.7093317e+39   1.6139050e+28
      4000.00      200.000   2.4080284e+39   7.7289087e+27
      4000.00      300.000   2.1706568e+39   1.8030867e+27
      4000.00      400.000   2.1309159e+39   4.3246243e+26
      4000.00      600.000   1.9545195e+39   2.2915990e+25
      4000.00      800.000   1.8389426e+39   1.2388511e+24
      4000.00      1000.00   1.7493190e+39   6.7683664e+22
      4000.00      1500.00   2.1821080e+39   6.6735096e+19
      4000.00      2000.00   1.4466622e+39   3.4972749e+16
      4000.00      2500.00   1.3102683e+39   2.5039370e+13
      4000.00      3000.00   1.6094008e+39   2.4307920e+10
      4000.00      3500.00   1.1603918e+39       13856843.
      4000.00      4000.00   9.9028709e+38       9347.3514
      4000.00      5000.00   1.1263812e+39    0.0066428633
      4000.00      5500.00   9.7132761e+38   4.5289060e-06
      4000.00      6000.00   7.4446185e+38   2.7428292e-09
      4000.00      7000.00   6.4369146e+38   1.4805417e-15
      4000.00      8000.00   9.0140003e+38   1.2903266e-21
      4000.00      10000.0   4.0321448e+38   2.1489803e-34
      4500.00      0.00000   4.4810163e+39   9.0632615e+28
      4500.00      50.0000   4.1293372e+39   6.9224052e+28
      4500.00      100.000   3.3244485e+39   3.6322865e+28
      4500.00      150.000   2.7210010e+39   1.7227513e+28
      4500.00      200.000   2.4014680e+39   8.1808140e+27
      4500.00      300.000   2.1227695e+39   1.8680181e+27
      4500.00      400.000   2.0885392e+39   4.4882489e+26
      4500.00      600.000   1.9113292e+39   2.3730095e+25
      4500.00      800.000   1.7818347e+39   1.2710584e+24
      4500.00      1000.00   1.6828521e+39   6.8946391e+22
      4500.00      1500.00   1.5990296e+39   5.1775199e+19
      4500.00      2000.00   1.4422441e+39   3.6922314e+16
      4500.00      2500.00   1.2360276e+39   2.5015199e+13
      4500.00      3000.00   1.1630696e+39   1.8602508e+10
      4500.00      3500.00   1.5470320e+39       19561071.
      4500.00      4000.00   9.8861058e+38       9880.2491
      4500.00      5000.00   8.1519966e+38    0.0050923214
      4500.00      5500.00   8.8776434e+38   4.3815227e-06
      4500.00      6000.00   1.0113980e+39   3.9453357e-09
      4500.00      7000.00   6.0580798e+38   1.4744525e-15
      4500.00      8000.00   5.4928512e+38   8.3060480e-22
      4500.00      10000.0   4.4934552e+38   2.5056088e-34
      5000.00      0.00000   3.7534501e+39   6.7674841e+28
      5000.00      50.0000   3.5059540e+39   5.2935793e+28
      5000.00      100.000   2.9165933e+39   2.8962074e+28
      5000.00      150.000   2.4102009e+39   1.3891460e+28
      5000.00      200.000   2.1592297e+39   6.6920724e+27
      5000.00      300.000   1.9446413e+39   1.5554658e+27
      5000.00      400.000   1.9405095e+39   3.7893346e+26
      5000.00      600.000   1.7938819e+39   2.0232094e+25
      5000.00      800.000   1.6788855e+39   1.0876236e+24
      5000.00      1000.00   1.5879701e+39   5.9087552e+22
      5000.00      1500.00   1.4359371e+39   4.2236366e+19
      5000.00      2000.00   1.5558519e+39   3.6175456e+16
      5000.00      2500.00   1.1873717e+39   2.1820667e+13
      5000.00      3000.00   1.0798818e+39   1.5690337e+10
      5000.00      3500.00   1.0507781e+39       12066576.
      5000.00      4000.00   1.2224692e+39       11100.413
      5000.00      5000.00   7.6005959e+38    0.0043121291
      5000.00      5500.00   7.1712440e+38   3.2143483e-06
      5000.00      6000.00   7.4182251e+38   2.6274256e-09
      5000.00      7000.00   6.6927411e+38   1.4778820e-15
      5000.00      8000.00   5.0243948e+38   6.8820571e-22
      5000.00      10000.0   6.5475466e+38   3.2643622e-34
      6000.00      0.00000   2.6790579e+39   3.8568021e+28
      6000.00      50.0000   2.5552699e+39   3.1307114e+28
      6000.00      100.000   2.2225866e+39   1.8207981e+28
      6000.00      150.000   1.9242252e+39   9.1874546e+27
      6000.00      200.000   1.7576889e+39   4.5119862e+27
      6000.00      300.000   1.5774735e+39   1.0430341e+27
      6000.00      400.000   1.5495892e+39   2.4979294e+26
      6000.00      600.000   1.4939661e+39   1.3899743e+25
      6000.00      800.000   1.4049687e+39   7.5112889e+23
      6000.00      1000.00   1.3394992e+39   4.1117372e+22
      6000.00      1500.00   1.2127094e+39   2.9429164e+19
      6000.00      2000.00   1.1561790e+39   2.2177051e+16
      6000.00      2500.00   1.1300439e+39   1.7133895e+13
      6000.00      3000.00   9.5175860e+38   1.1407199e+10
      6000.00      3500.00   8.7981246e+38       8334980.8
      6000.00      4000.00   8.2963456e+38       6211.4638
      6000.00      5000.00   7.9904999e+38    0.0037363983
      6000.00      5500.00   6.5789691e+38   2.4309202e-06
      6000.00      6000.00   6.0023661e+38   1.7509993e-09
      6000.00      7000.00   5.5968140e+38   1.0148104e-15
      6000.00      8000.00   6.6977388e+38   7.4826720e-22
      6000.00      10000.0   3.6978636e+38   1.4523311e-34
      8000.00      0.00000   1.4966361e+39   1.3927227e+28
      8000.00      50.0000   1.4217058e+39   1.1488715e+28
      8000.00      100.000   1.2991762e+39   7.2083264e+27
      8000.00      150.000   1.1964576e+39   3.9071139e+27
      8000.00      200.000   1.1356572e+39   1.9976682e+27
      8000.00      300.000   1.0679399e+39   4.8279713e+26
      8000.00      400.000   1.0290254e+39   1.1318908e+26
      8000.00      600.000   1.0353804e+39   6.5574338e+24
      8000.00      800.000   9.3996950e+38   3.4159419e+23
      8000.00      1000.00   8.8503594e+38   1.8471515e+22
      8000.00      1500.00   8.0505214e+38   1.3276666e+19
      8000.00      2000.00   7.3739221e+38   9.6117210e+15
      8000.00      2500.00   7.0414585e+38   7.2515503e+12
      8000.00      3000.00   9.1550165e+38   7.4472644e+09
      8000.00      3500.00   6.5547406e+38       4210572.6
      8000.00      4000.00   6.0494291e+38       3067.5487
      8000.00      5000.00   5.3665121e+38    0.0016916288
      8000.00      5500.00   5.2111391e+38   1.2924104e-06
      8000.00      6000.00   6.1663754e+38   1.2011093e-09
      8000.00      7000.00   4.4906353e+38   5.3375820e-16
      8000.00      8000.00   3.9689620e+38   2.8145433e-22
      8000.00      10000.0   4.1761489e+38   9.2088845e-35
      10000.0      0.00000   8.2112525e+38   4.9219037e+27
      10000.0      50.0000   8.0804280e+38   4.2479710e+27
      10000.0      100.000   7.5503912e+38   2.7683086e+27
      10000.0      150.000   7.0802977e+38   1.5450125e+27
      10000.0      200.000   6.8026256e+38   8.0360879e+26
      10000.0      300.000   6.5074806e+38   1.9786356e+26
      10000.0      400.000   6.3709819e+38   4.7031482e+25
      10000.0      600.000   6.4130736e+38   2.7158136e+24
      10000.0      800.000   6.0829295e+38   1.4756678e+23
      10000.0      1000.00   5.5340139e+38   7.6959591e+21
      10000.0      1500.00   4.8819072e+38   5.3527363e+18
      10000.0      2000.00   4.6351440e+38   4.0064900e+15
      10000.0      2500.00   4.4788181e+38   3.0486038e+12
      10000.0      3000.00   4.3225077e+38   2.3137302e+09
      10000.0      3500.00   4.6969016e+38       1973723.8
      10000.0      4000.00   4.7899814e+38       1576.7974
      10000.0      5000.00   3.9187666e+38   0.00078385736
      10000.0      5500.00   3.7588829e+38   5.8257916e-07
      10000.0      6000.00   3.5728614e+38   4.2651959e-10
      10000.0      7000.00   3.4235213e+38   2.3691222e-16
      10000.0      8000.00   3.9695281e+38   1.5257389e-22
      10000.0      10000.0   2.7291777e+38   2.6587864e-35
      12000.0      0.00000   4.1011003e+38   1.4091248e+27
      12000.0      50.0000   4.0453952e+38   1.2245757e+27
      12000.0      100.000   3.8924840e+38   8.2943244e+26
      12000.0      150.000   3.7351929e+38   4.7737119e+26
      12000.0      200.000   3.6152323e+38   2.5143242e+26
      12000.0      300.000   3.4956984e+38   6.2943010e+25
      12000.0      400.000   3.4860382e+38   1.5269221e+25
      12000.0      600.000   3.3412291e+38   8.3849283e+23
      12000.0      800.000   3.7255626e+38   5.3349188e+22
      12000.0      1000.00   3.2563991e+38   2.6626711e+21
      12000.0      1500.00   2.8015232e+38   1.7884216e+18
      12000.0      2000.00   2.6459427e+38   1.3182413e+15
      12000.0      2500.00   2.6550083e+38   1.0292322e+12
      12000.0      3000.00   2.7393847e+38   8.2296681e+08
      12000.0      3500.00   2.7425424e+38       635462.67
      12000.0      4000.00   2.7810248e+38       494.22229
      12000.0      5000.00   2.8377583e+38   0.00029029905
      12000.0      5500.00   2.6832552e+38   2.0561426e-07
      12000.0      6000.00   2.6289513e+38   1.4931817e-10
      12000.0      7000.00   2.4222393e+38   7.2840623e-17
      12000.0      8000.00   2.2546267e+38   3.3761142e-23
      12000.0      10000.0   2.3323599e+38   6.7901762e-36
      15000.0      0.00000   9.0210196e+37   6.2036364e+25
      15000.0      50.0000   8.9548808e+37   5.4374740e+25
      15000.0      100.000   8.9012348e+37   3.8253258e+25
      15000.0      150.000   8.8913600e+37   2.3068533e+25
      15000.0      200.000   8.9508327e+37   1.2709944e+25
      15000.0      300.000   9.4433684e+37   3.5102043e+24
      15000.0      400.000   1.0442160e+38   9.5300037e+23
      15000.0      600.000   1.0810655e+38   5.7448266e+22
      15000.0      800.000   1.2740962e+38   3.9208994e+21
      15000.0      1000.00   1.4626093e+38   2.6095840e+20
      15000.0      1500.00   1.0344509e+38   1.5108732e+17
      15000.0      2000.00   1.0083375e+38   1.2383909e+14
      15000.0      2500.00   1.0393093e+38   1.1192862e+11
      15000.0      3000.00   1.1645939e+38   1.1635794e+08
      15000.0      3500.00   1.2880167e+38       127305.03
      15000.0      4000.00   1.4208788e+38       147.86511
      15000.0      5000.00   1.5222074e+38   0.00020012770
      15000.0      5500.00   2.2192772e+38   3.3872825e-07
      15000.0      6000.00   1.7386650e+38   3.0928554e-10
      15000.0      7000.00   1.5130129e+38   3.5710559e-16
      15000.0      8000.00   1.4719736e+38   4.3276144e-22
      15000.0      10000.0   1.3342632e+38   4.6160973e-34
      18000.0      0.00000   2.3504408e+37   6.3830182e+23
      18000.0      50.0000   2.3924643e+37   5.7383607e+23
      18000.0      100.000   2.4502307e+37   4.1636301e+23
      18000.0      150.000   2.5642852e+37   2.6353818e+23
      18000.0      200.000   2.7170438e+37   1.5333375e+23
      18000.0      300.000   3.2551639e+37   4.8486513e+22
      18000.0      400.000   4.2674061e+37   1.5810616e+22
      18000.0      600.000   4.5766740e+37   1.0323533e+21
      18000.0      800.000   4.6937293e+37   6.6978786e+19
      18000.0      1000.00   8.4832953e+37   8.2221628e+18
      18000.0      1500.00   4.9965394e+37   9.1330746e+15
      18000.0      2000.00   4.1699202e+37   2.4193032e+13
      18000.0      2500.00   3.6092343e+37   7.9333992e+10
      18000.0      3000.00   4.2127981e+37   3.5960491e+08
      18000.0      3500.00   5.3708386e+37       1762616.3
      18000.0      4000.00   6.6510038e+37       8244.7039
      18000.0      5000.00   8.8714819e+37      0.14798867
      18000.0      5500.00   9.3698300e+37   0.00055583147
      18000.0      6000.00   9.6957887e+37   2.0016070e-06
      18000.0      7000.00   1.2106865e+38   2.8229862e-11
      18000.0      8000.00   9.4446981e+37   2.2546432e-16
      18000.0      10000.0   8.5985123e+37   1.5497679e-26
      24000.0      0.00000   8.8054892e+36   7.8550905e+17
      24000.0      50.0000   9.2856325e+36   7.3101886e+17
      24000.0      100.000   1.0118091e+37   5.6386973e+17
      24000.0      150.000   1.1161178e+37   3.7579774e+17
      24000.0      200.000   1.2416427e+37   2.2939961e+17
      24000.0      300.000   1.5794474e+37   7.7245549e+16
      24000.0      400.000   2.0262337e+37   2.5019001e+16
      24000.0      600.000   2.2990589e+37   1.9324715e+15
      24000.0      800.000   2.0891234e+37   1.5694821e+14
      24000.0      1000.00   2.7668112e+37   2.7268508e+13
      24000.0      1500.00   4.7361269e+37   6.8654370e+11
      24000.0      2000.00   2.7133641e+37   6.9975787e+09
      24000.0      2500.00   1.6565183e+37       74636454.
      24000.0      3000.00   4.8915517e+36       374704.27
      24000.0      3500.00   4.4162597e+36       5587.8719
      24000.0      4000.00   7.7377495e+36       157.21542
      24000.0      5000.00   1.9463810e+37     0.093507359
      24000.0      5500.00   2.6847810e+37    0.0018975786
      24000.0      6000.00   3.4689249e+37   3.5000043e-05
      24000.0      7000.00   4.9131543e+37   9.2192235e-09
      24000.0      8000.00   5.3376174e+37   1.6426893e-12
      24000.0      10000.0   4.8224523e+37   2.6903602e-20
