face-on central tau B
      3.78000
sfr
     0.950000
old
     0.350000
bd
      2.00000
      tau1
      3.17000
   hd [pc]
      5200.00
   zd [pc]
      140.000
 hdin [pc]
      4500.00
 zdin [pc]
      140.000
   hdsolar [pc]
      8000.00
   zdsolar [pc]
      140.000
      tau2
     0.610000
  hd1 [pc]
      3200.00
  zd1 [pc]
      50.0000
hd1in [pc]
      4500.00
zd1in [pc]
      67.0000
  hd1solar [pc]
      8000.00
  zd1solar [pc]
      90.0000
   hs [pc]
      2780.00
   zs [pc]
      140.000
 hsin [pc]
      4500.00
 zsin [pc]
      170.000
   hssolar [pc]
      8000.00
   zssolar [pc]
      300.000
 rtruncate [pc]
      14000.0
  hs1 [pc]
      3200.00
  zs1 [pc]
      50.0000
hs1in [pc]
      4500.00
zs1in [pc]
      67.0000
  hs1solar [pc]
      8000.00
  zs1solar [pc]
      90.0000
rtruncate1 [pc]
      14000.0
   ifinns2
           3
   ifinns1
           3
   ifinnd1
           3
   ifinnd2
           3
    idisk1
           3
    idisk2
           3
nposition in r
          23
nposition in z
          22
          
    r(pc)      z(pc)   urad(erg/pc3/A)        eabs(erg/s/pc3/A)
      0.00000      0.00000   6.8696835e+41   3.1832887e+30
      0.00000      50.0000   3.8236180e+41   1.3675320e+30
      0.00000      100.000   1.8531264e+41   4.2207838e+29
      0.00000      150.000   1.1160876e+41   1.4915966e+29
      0.00000      200.000   7.5555136e+40   5.4853204e+28
      0.00000      300.000   4.1677306e+40   7.8739131e+27
      0.00000      400.000   2.6738883e+40   1.2356571e+27
      0.00000      600.000   1.4047553e+40   3.7529025e+25
      0.00000      800.000   8.8137910e+39   1.3524680e+24
      0.00000      1000.00   6.4047754e+39   5.6455615e+22
      0.00000      1500.00   3.9979470e+39   2.7858317e+19
      0.00000      2000.00   3.0308292e+39   1.6693835e+16
      0.00000      2500.00   2.4948549e+39   1.0862139e+13
      0.00000      3000.00   2.1285102e+39   7.3256186e+09
      0.00000      3500.00   1.8433446e+39       5014703.0
      0.00000      4000.00   1.5970004e+39       3433.9910
      0.00000      5000.00   1.2471515e+39    0.0016758745
      0.00000      5500.00   1.1131490e+39   1.1825431e-06
      0.00000      6000.00   9.9126074e+38   8.3226259e-10
      0.00000      7000.00   7.8288618e+38   4.1071683e-16
      0.00000      8000.00   6.3397755e+38   2.0763521e-22
      0.00000      10000.0   4.3397346e+38   5.4349023e-35
      50.0000      0.00000   5.0339935e+41   2.3570228e+30
      50.0000      50.0000   3.0961425e+41   1.1198365e+30
      50.0000      100.000   1.7897221e+41   4.1223092e+29
      50.0000      150.000   1.1347198e+41   1.5335228e+29
      50.0000      200.000   7.7674166e+40   5.6994129e+28
      50.0000      300.000   4.2833630e+40   8.1845128e+27
      50.0000      400.000   2.7023337e+40   1.2628953e+27
      50.0000      600.000   1.4052832e+40   3.7956053e+25
      50.0000      800.000   8.7838682e+39   1.3632120e+24
      50.0000      1000.00   6.3724917e+39   5.6792395e+22
      50.0000      1500.00   3.9675087e+39   2.7950529e+19
      50.0000      2000.00   3.0113886e+39   1.6771144e+16
      50.0000      2500.00   2.4842396e+39   1.0936055e+13
      50.0000      3000.00   2.1141200e+39   7.3569018e+09
      50.0000      3500.00   1.8354826e+39       5048910.8
      50.0000      4000.00   1.5955890e+39       3469.6960
      50.0000      5000.00   1.2431640e+39    0.0016888788
      50.0000      5500.00   1.1104171e+39   1.1927872e-06
      50.0000      6000.00   9.8971310e+38   8.4017574e-10
      50.0000      7000.00   7.8198583e+38   4.1475736e-16
      50.0000      8000.00   6.3339798e+38   2.0971111e-22
      50.0000      10000.0   4.3423625e+38   5.4978785e-35
      100.000      0.00000   2.4877575e+41   1.1780245e+30
      100.000      50.0000   1.9800069e+41   7.2411919e+29
      100.000      100.000   1.4133534e+41   3.2913199e+29
      100.000      150.000   1.0163437e+41   1.3885330e+29
      100.000      200.000   7.4506280e+40   5.5285932e+28
      100.000      300.000   4.4151988e+40   8.5291932e+27
      100.000      400.000   2.8909264e+40   1.3657519e+27
      100.000      600.000   1.4464693e+40   3.9494735e+25
      100.000      800.000   8.8807576e+39   1.3929417e+24
      100.000      1000.00   6.3920508e+39   5.7587140e+22
      100.000      1500.00   3.9516156e+39   2.8142127e+19
      100.000      2000.00   2.9891331e+39   1.6827521e+16
      100.000      2500.00   2.4669972e+39   1.0979729e+13
      100.000      3000.00   2.0980118e+39   7.3817907e+09
      100.000      3500.00   1.8252969e+39       5076077.5
      100.000      4000.00   1.5889199e+39       3493.5570
      100.000      5000.00   1.2383918e+39    0.0017011428
      100.000      5500.00   1.1060996e+39   1.2010882e-06
      100.000      6000.00   9.8764595e+38   8.4775616e-10
      100.000      7000.00   7.8127580e+38   4.1896856e-16
      100.000      8000.00   6.3321959e+38   2.1197566e-22
      100.000      10000.0   4.3548404e+38   5.5746802e-35
      150.000      0.00000   1.5040968e+41   7.1982063e+29
      150.000      50.0000   1.3063715e+41   4.8281041e+29
      150.000      100.000   1.0370174e+41   2.4409925e+29
      150.000      150.000   8.2608942e+40   1.1412312e+29
      150.000      200.000   6.4826701e+40   4.8630963e+28
      150.000      300.000   4.2270130e+40   8.2522979e+27
      150.000      400.000   2.9217206e+40   1.3956207e+27
      150.000      600.000   1.5689235e+40   4.3302584e+25
      150.000      800.000   9.2535599e+39   1.4675617e+24
      150.000      1000.00   6.5258267e+39   5.9437406e+22
      150.000      1500.00   3.9601288e+39   2.8512132e+19
      150.000      2000.00   2.9823231e+39   1.6974157e+16
      150.000      2500.00   2.4557946e+39   1.1048921e+13
      150.000      3000.00   2.0842375e+39   7.4118613e+09
      150.000      3500.00   1.8155690e+39       5104913.6
      150.000      4000.00   1.5821033e+39       3515.7026
      150.000      5000.00   1.2324728e+39    0.0017116092
      150.000      5500.00   1.1036735e+39   1.2116331e-06
      150.000      6000.00   9.8441135e+38   8.5416276e-10
      150.000      7000.00   7.8007932e+38   4.2288420e-16
      150.000      8000.00   6.3266763e+38   2.1408069e-22
      150.000      10000.0   4.3738420e+38   5.6594682e-35
      200.000      0.00000   1.0179055e+41   4.9216088e+29
      200.000      50.0000   9.1869118e+40   3.4324392e+29
      200.000      100.000   7.8041269e+40   1.8571854e+29
      200.000      150.000   6.5023872e+40   9.0750366e+28
      200.000      200.000   5.4175951e+40   4.1084917e+28
      200.000      300.000   3.9230721e+40   7.7432456e+27
      200.000      400.000   2.8477182e+40   1.3747939e+27
      200.000      600.000   1.6106614e+40   4.4938223e+25
      200.000      800.000   1.0025378e+40   1.6063784e+24
      200.000      1000.00   6.8252525e+39   6.2834715e+22
      200.000      1500.00   3.9996153e+39   2.9105307e+19
      200.000      2000.00   2.9868618e+39   1.7181515e+16
      200.000      2500.00   2.4499026e+39   1.1140730e+13
      200.000      3000.00   2.0771043e+39   7.4664157e+09
      200.000      3500.00   1.8076373e+39       5136274.5
      200.000      4000.00   1.5768941e+39       3542.4400
      200.000      5000.00   1.2272894e+39    0.0017225499
      200.000      5500.00   1.0998657e+39   1.2203805e-06
      200.000      6000.00   9.8185294e+38   8.6091979e-10
      200.000      7000.00   7.7903585e+38   4.2695296e-16
      200.000      8000.00   6.3210492e+38   2.1618662e-22
      200.000      10000.0   4.3918946e+38   5.7450093e-35
      300.000      0.00000   5.6751651e+40   2.8008592e+29
      300.000      50.0000   5.1561792e+40   1.9677644e+29
      300.000      100.000   4.8762413e+40   1.1858828e+29
      300.000      150.000   4.1620801e+40   5.9365543e+28
      300.000      200.000   3.7861561e+40   2.9321213e+28
      300.000      300.000   2.8907805e+40   5.8247574e+27
      300.000      400.000   2.4754289e+40   1.2203841e+27
      300.000      600.000   1.6939150e+40   4.8262106e+25
      300.000      800.000   1.0130949e+40   1.6580993e+24
      300.000      1000.00   7.7254952e+39   7.2630623e+22
      300.000      1500.00   4.2256116e+39   3.1403981e+19
      300.000      2000.00   3.0494509e+39   1.7913774e+16
      300.000      2500.00   2.4491608e+39   1.1375783e+13
      300.000      3000.00   2.0772596e+39   7.6260643e+09
      300.000      3500.00   1.7980187e+39       5217591.9
      300.000      4000.00   1.5699467e+39       3600.5580
      300.000      5000.00   1.2184495e+39    0.0017466029
      300.000      5500.00   1.0929252e+39   1.2384413e-06
      300.000      6000.00   9.7548264e+38   8.7371570e-10
      300.000      7000.00   7.7760023e+38   4.3512982e-16
      300.000      8000.00   6.3156548e+38   2.2059351e-22
      300.000      10000.0   4.4328614e+38   5.9206746e-35
      400.000      0.00000   3.6482738e+40   1.8364420e+29
      400.000      50.0000   3.3730147e+40   1.3146451e+29
      400.000      100.000   3.0937952e+40   7.6810476e+28
      400.000      150.000   3.1317797e+40   4.5597827e+28
      400.000      200.000   2.6081340e+40   2.0619505e+28
      400.000      300.000   2.4282699e+40   4.9942759e+27
      400.000      400.000   1.8344610e+40   9.2320104e+26
      400.000      600.000   1.4035851e+40   4.0820917e+25
      400.000      800.000   1.2180969e+40   2.0354898e+24
      400.000      1000.00   7.5419777e+39   7.2369934e+22
      400.000      1500.00   4.6738291e+39   3.5455118e+19
      400.000      2000.00   3.1697126e+39   1.9012369e+16
      400.000      2500.00   2.4819267e+39   1.1765587e+13
      400.000      3000.00   2.0914301e+39   7.8389534e+09
      400.000      3500.00   1.7925551e+39       5311021.7
      400.000      4000.00   1.5683544e+39       3672.1897
      400.000      5000.00   1.2190703e+39    0.0017840082
      400.000      5500.00   1.0854995e+39   1.2555826e-06
      400.000      6000.00   9.6869587e+38   8.8572548e-10
      400.000      7000.00   7.7595820e+38   4.4321369e-16
      400.000      8000.00   6.2958155e+38   2.2448206e-22
      400.000      10000.0   4.4743683e+38   6.0997862e-35
      600.000      0.00000   1.8988886e+40   9.9307193e+28
      600.000      50.0000   1.8738105e+40   7.6049226e+28
      600.000      100.000   1.6153220e+40   4.1769099e+28
      600.000      150.000   1.5537004e+40   2.3547038e+28
      600.000      200.000   1.7553673e+40   1.4447802e+28
      600.000      300.000   1.3398823e+40   2.8688041e+27
      600.000      400.000   1.2740193e+40   6.6728588e+26
      600.000      600.000   9.6013473e+39   2.9065437e+25
      600.000      800.000   1.0927745e+40   1.9010215e+24
      600.000      1000.00   6.9540006e+39   6.9471396e+22
      600.000      1500.00   4.6896359e+39   3.7031209e+19
      600.000      2000.00   3.5630323e+39   2.2241095e+16
      600.000      2500.00   2.6553491e+39   1.3103767e+13
      600.000      3000.00   2.1553520e+39   8.4069999e+09
      600.000      3500.00   1.8144875e+39       5595062.5
      600.000      4000.00   1.5712325e+39       3830.7367
      600.000      5000.00   1.2165621e+39    0.0018529186
      600.000      5500.00   1.0765329e+39   1.2961581e-06
      600.000      6000.00   9.5646838e+38   9.1014744e-10
      600.000      7000.00   7.7198727e+38   4.5895679e-16
      600.000      8000.00   6.2845242e+38   2.3322105e-22
      600.000      10000.0   4.5430955e+38   6.4461321e-35
      800.000      0.00000   1.2011326e+40   6.5133894e+28
      800.000      50.0000   1.2713617e+40   5.3635678e+28
      800.000      100.000   1.0594148e+40   2.8493026e+28
      800.000      150.000   9.8229225e+39   1.5481291e+28
      800.000      200.000   9.5899148e+39   8.2038591e+27
      800.000      300.000   1.2601464e+40   2.8040409e+27
      800.000      400.000   8.4413967e+39   4.5955117e+26
      800.000      600.000   1.0339576e+40   3.2532798e+25
      800.000      800.000   6.2352187e+39   1.1268994e+24
      800.000      1000.00   8.3963794e+39   8.7180830e+22
      800.000      1500.00   5.8400710e+39   4.7927185e+19
      800.000      2000.00   3.4809858e+39   2.2584160e+16
      800.000      2500.00   2.7947839e+39   1.4330044e+13
      800.000      3000.00   2.3147065e+39   9.3815736e+09
      800.000      3500.00   1.8745757e+39       6005654.2
      800.000      4000.00   1.5987366e+39       4050.1441
      800.000      5000.00   1.2195840e+39    0.0019303343
      800.000      5500.00   1.0741281e+39   1.3438882e-06
      800.000      6000.00   9.5288100e+38   9.4235782e-10
      800.000      7000.00   7.7354375e+38   4.7798027e-16
      800.000      8000.00   6.3164434e+38   2.4361760e-22
      800.000      10000.0   4.5773278e+38   6.7440375e-35
      1000.00      0.00000   8.7439110e+39   4.9093802e+28
      1000.00      50.0000   9.4184024e+39   4.1267168e+28
      1000.00      100.000   7.8668558e+39   2.1980418e+28
      1000.00      150.000   7.1940980e+39   1.1769070e+28
      1000.00      200.000   6.8142225e+39   6.0494651e+27
      1000.00      300.000   7.0644525e+39   1.6312606e+27
      1000.00      400.000   8.1638973e+39   4.6129950e+26
      1000.00      600.000   5.4854925e+39   1.7907957e+25
      1000.00      800.000   7.8147005e+39   1.4658838e+24
      1000.00      1000.00   4.7951573e+39   5.1657182e+22
      1000.00      1500.00   4.3338813e+39   3.6903557e+19
      1000.00      2000.00   5.8933830e+39   3.9675044e+16
      1000.00      2500.00   2.7496391e+39   1.4631827e+13
      1000.00      3000.00   2.2883809e+39   9.6275766e+09
      1000.00      3500.00   1.9880380e+39       6610757.0
      1000.00      4000.00   1.6589320e+39       4360.4635
      1000.00      5000.00   1.2276423e+39    0.0020165874
      1000.00      5500.00   1.0806289e+39   1.4030048e-06
      1000.00      6000.00   9.5663811e+38   9.8182306e-10
      1000.00      7000.00   7.7940692e+38   4.9969549e-16
      1000.00      8000.00   6.3535536e+38   2.5427147e-22
      1000.00      10000.0   4.5676746e+38   6.9806253e-35
      1500.00      0.00000   5.8484209e+39   3.5583678e+28
      1500.00      50.0000   5.6912713e+39   2.7248194e+28
      1500.00      100.000   5.1560313e+39   1.5762704e+28
      1500.00      150.000   4.6354549e+39   8.2850086e+27
      1500.00      200.000   4.3398877e+39   4.2054733e+27
      1500.00      300.000   3.9818638e+39   1.0032450e+27
      1500.00      400.000   3.9686029e+39   2.4457115e+26
      1500.00      600.000   5.2833897e+39   1.8817635e+25
      1500.00      800.000   3.7069859e+39   7.5839920e+23
      1500.00      1000.00   3.9029412e+39   4.5868484e+22
      1500.00      1500.00   3.2790126e+39   3.0462247e+19
      1500.00      2000.00   4.5403022e+39   3.3343487e+16
      1500.00      2500.00   2.5996482e+39   1.5092816e+13
      1500.00      3000.00   3.8482769e+39   1.7657265e+10
      1500.00      3500.00   2.0327687e+39       7373181.9
      1500.00      4000.00   1.6349180e+39       4687.6667
      1500.00      5000.00   1.3054539e+39    0.0023389505
      1500.00      5500.00   1.1449795e+39   1.6216311e-06
      1500.00      6000.00   9.9331242e+38   1.1121133e-09
      1500.00      7000.00   7.9729027e+38   5.5762355e-16
      1500.00      8000.00   6.5898714e+38   2.8759610e-22
      1500.00      10000.0   4.5363773e+38   7.5510737e-35
      2000.00      0.00000   5.6051652e+39   3.6671791e+28
      2000.00      50.0000   5.0860260e+39   2.6411779e+28
      2000.00      100.000   4.6481956e+39   1.5445329e+28
      2000.00      150.000   4.2593949e+39   8.2613546e+27
      2000.00      200.000   4.0144421e+39   4.2173929e+27
      2000.00      300.000   3.6844737e+39   1.0058774e+27
      2000.00      400.000   3.4718083e+39   2.3181320e+26
      2000.00      600.000   3.5945772e+39   1.3869591e+25
      2000.00      800.000   4.3577852e+39   9.6590329e+23
      2000.00      1000.00   3.2323357e+39   4.1155521e+22
      2000.00      1500.00   4.4794830e+39   4.5078782e+19
      2000.00      2000.00   2.5952359e+39   2.0646532e+16
      2000.00      2500.00   3.3245245e+39   2.0908550e+13
      2000.00      3000.00   2.1205404e+39   1.0541094e+10
      2000.00      3500.00   1.9086341e+39       7500402.1
      2000.00      4000.00   2.7795183e+39       8635.0205
      2000.00      5000.00   1.2505823e+39    0.0024274585
      2000.00      5500.00   1.1042963e+39   1.6946119e-06
      2000.00      6000.00   1.0028792e+39   1.2166493e-09
      2000.00      7000.00   8.3769899e+38   6.3473046e-16
      2000.00      8000.00   6.8498397e+38   3.2379287e-22
      2000.00      10000.0   4.5308651e+38   8.1489168e-35
      3000.00      0.00000   5.9710058e+39   4.4372332e+28
      3000.00      50.0000   5.3614377e+39   3.2202554e+28
      3000.00      100.000   4.5994631e+39   1.7779699e+28
      3000.00      150.000   4.2047609e+39   9.4515762e+27
      3000.00      200.000   4.0218116e+39   4.8845045e+27
      3000.00      300.000   3.7845004e+39   1.1924538e+27
      3000.00      400.000   3.5589610e+39   2.7420932e+26
      3000.00      600.000   3.2739534e+39   1.4575202e+25
      3000.00      800.000   3.1092745e+39   7.9534249e+23
      3000.00      1000.00   3.3896254e+39   4.9793014e+22
      3000.00      1500.00   2.5784180e+39   2.9941571e+19
      3000.00      2000.00   2.3554328e+39   2.1620867e+16
      3000.00      2500.00   2.3941073e+39   1.7374467e+13
      3000.00      3000.00   1.7533573e+39   1.0056381e+10
      3000.00      3500.00   1.6935092e+39       7679796.0
      3000.00      4000.00   2.1148993e+39       7581.3672
      3000.00      5000.00   1.1779055e+39    0.0026380814
      3000.00      5500.00   1.2221416e+39   2.1639285e-06
      3000.00      6000.00   1.6591734e+39   2.3224676e-09
      3000.00      7000.00   8.1954135e+38   7.1629389e-16
      3000.00      8000.00   6.6117641e+38   3.6027072e-22
      3000.00      10000.0   4.8392541e+38   9.9535414e-35
      4000.00      0.00000   6.3923301e+39   5.2966924e+28
      4000.00      50.0000   5.7878285e+39   3.9442365e+28
      4000.00      100.000   4.9606860e+39   2.1927719e+28
      4000.00      150.000   4.3986329e+39   1.1274970e+28
      4000.00      200.000   4.1075284e+39   5.6736560e+27
      4000.00      300.000   3.8817666e+39   1.3872609e+27
      4000.00      400.000   3.6432699e+39   3.1818359e+26
      4000.00      600.000   3.2440764e+39   1.6366848e+25
      4000.00      800.000   2.9582366e+39   8.5748974e+23
      4000.00      1000.00   2.7464691e+39   4.5730581e+22
      4000.00      1500.00   3.2818477e+39   4.3195443e+19
      4000.00      2000.00   2.0597153e+39   2.1425154e+16
      4000.00      2500.00   1.8322964e+39   1.5068745e+13
      4000.00      3000.00   2.2611955e+39   1.4701946e+10
      4000.00      3500.00   1.4937837e+39       7675385.4
      4000.00      4000.00   1.2633003e+39       5132.3683
      4000.00      5000.00   1.4492477e+39    0.0036786211
      4000.00      5500.00   1.2044402e+39   2.4164728e-06
      4000.00      6000.00   9.1962324e+38   1.4583569e-09
      4000.00      7000.00   7.8072080e+38   7.7282942e-16
      4000.00      8000.00   1.1120613e+39   6.8501385e-22
      4000.00      10000.0   4.6907662e+38   1.0757649e-34
      4500.00      0.00000   6.3945055e+39   5.5653035e+28
      4500.00      50.0000   5.7920809e+39   4.1785660e+28
      4500.00      100.000   4.9445131e+39   2.3247211e+28
      4500.00      150.000   4.3354727e+39   1.1815210e+28
      4500.00      200.000   3.9808115e+39   5.8355542e+27
      4500.00      300.000   3.7231756e+39   1.4098627e+27
      4500.00      400.000   3.5068449e+39   3.2433891e+26
      4500.00      600.000   3.0865302e+39   1.6489205e+25
      4500.00      800.000   2.8047378e+39   8.6090701e+23
      4500.00      1000.00   2.5910702e+39   4.5669746e+22
      4500.00      1500.00   2.4368608e+39   3.3959238e+19
      4500.00      2000.00   2.0118850e+39   2.2162794e+16
      4500.00      2500.00   1.7036176e+39   1.4835922e+13
      4500.00      3000.00   1.5818321e+39   1.0887084e+10
      4500.00      3500.00   2.0521423e+39       11165106.
      4500.00      4000.00   1.2567906e+39       5405.0820
      4500.00      5000.00   1.0166375e+39    0.0027320625
      4500.00      5500.00   1.1287093e+39   2.3977207e-06
      4500.00      6000.00   1.2506314e+39   2.0992110e-09
      4500.00      7000.00   7.3521498e+38   7.6991638e-16
      4500.00      8000.00   6.5682259e+38   4.2751472e-22
      4500.00      10000.0   5.3187033e+38   1.2759975e-34
      5000.00      0.00000   5.1635418e+39   4.0068991e+28
      5000.00      50.0000   4.7313535e+39   3.0737080e+28
      5000.00      100.000   4.1152520e+39   1.7584877e+28
      5000.00      150.000   3.6691581e+39   9.1015955e+27
      5000.00      200.000   3.3969751e+39   4.5299970e+27
      5000.00      300.000   3.2195194e+39   1.1081740e+27
      5000.00      400.000   3.1136337e+39   2.6160343e+26
      5000.00      600.000   2.7663683e+39   1.3425921e+25
      5000.00      800.000   2.5444519e+39   7.0943356e+23
      5000.00      1000.00   2.3568874e+39   3.7730005e+22
      5000.00      1500.00   2.0663311e+39   2.6154571e+19
      5000.00      2000.00   2.1163780e+39   2.1175151e+16
      5000.00      2500.00   1.6085281e+39   1.2723700e+13
      5000.00      3000.00   1.4440389e+39   9.0295114e+09
      5000.00      3500.00   1.3936252e+39       6888162.8
      5000.00      4000.00   1.5473548e+39       6044.6448
      5000.00      5000.00   9.3736381e+38    0.0022878596
      5000.00      5500.00   8.8607470e+38   1.7090863e-06
      5000.00      6000.00   9.3421410e+38   1.4238840e-09
      5000.00      7000.00   8.1573053e+38   7.7512342e-16
      5000.00      8000.00   5.9341514e+38   3.4960666e-22
      5000.00      10000.0   7.9691980e+38   1.7097128e-34
      6000.00      0.00000   3.3498134e+39   2.0752411e+28
      6000.00      50.0000   3.1462189e+39   1.6585748e+28
      6000.00      100.000   2.7936847e+39   9.8495637e+27
      6000.00      150.000   2.5383485e+39   5.2163146e+27
      6000.00      200.000   2.3773816e+39   2.6262834e+27
      6000.00      300.000   2.2455881e+39   6.3883401e+26
      6000.00      400.000   2.2757373e+39   1.5787354e+26
      6000.00      600.000   2.0763916e+39   8.3139634e+24
      6000.00      800.000   1.9228164e+39   4.4237615e+23
      6000.00      1000.00   1.8010946e+39   2.3793009e+22
      6000.00      1500.00   1.6068254e+39   1.6780340e+19
      6000.00      2000.00   1.6016324e+39   1.3220895e+16
      6000.00      2500.00   1.4636723e+39   9.5504525e+12
      6000.00      3000.00   1.2455264e+39   6.4252524e+09
      6000.00      3500.00   1.1417562e+39       4654924.0
      6000.00      4000.00   1.0610047e+39       3419.3203
      6000.00      5000.00   9.7809238e+38    0.0019682358
      6000.00      5500.00   8.0175158e+38   1.2746002e-06
      6000.00      6000.00   7.2667952e+38   9.1219167e-10
      6000.00      7000.00   6.9455091e+38   5.4196451e-16
      6000.00      8000.00   8.1183640e+38   3.9027368e-22
      6000.00      10000.0   4.3112589e+38   7.2860837e-35
      8000.00      0.00000   1.6063650e+39   6.4329847e+27
      8000.00      50.0000   1.5530831e+39   5.4025162e+27
      8000.00      100.000   1.4326088e+39   3.4187655e+27
      8000.00      150.000   1.3284555e+39   1.8671124e+27
      8000.00      200.000   1.2684020e+39   9.6031083e+26
      8000.00      300.000   1.2081294e+39   2.3508929e+26
      8000.00      400.000   1.2009826e+39   5.6838764e+25
      8000.00      600.000   1.1944476e+39   3.2540116e+24
      8000.00      800.000   1.0715810e+39   1.6761140e+23
      8000.00      1000.00   1.0110635e+39   9.0801196e+21
      8000.00      1500.00   9.4344280e+38   6.6959378e+18
      8000.00      2000.00   8.7492969e+38   4.9070636e+15
      8000.00      2500.00   8.6101855e+38   3.8154802e+12
      8000.00      3000.00   1.1771036e+39   4.1212908e+09
      8000.00      3500.00   8.0835488e+38       2234641.7
      8000.00      4000.00   7.4564210e+38       1627.2389
      8000.00      5000.00   6.4140348e+38   0.00086992380
      8000.00      5500.00   6.2716286e+38   6.6924248e-07
      8000.00      6000.00   7.8414840e+38   6.5718339e-10
      8000.00      7000.00   5.3771870e+38   2.7502359e-16
      8000.00      8000.00   4.8321990e+38   1.4748291e-22
      8000.00      10000.0   5.1226053e+38   4.8607970e-35
      10000.0      0.00000   8.2461820e+38   2.1261462e+27
      10000.0      50.0000   8.0457397e+38   1.8199045e+27
      10000.0      100.000   7.6200868e+38   1.2023708e+27
      10000.0      150.000   7.2273399e+38   6.7853999e+26
      10000.0      200.000   6.9654614e+38   3.5385393e+26
      10000.0      300.000   6.7642727e+38   8.8485636e+25
      10000.0      400.000   6.6477414e+38   2.1121371e+25
      10000.0      600.000   7.4028892e+38   1.3490463e+24
      10000.0      800.000   6.4754623e+38   6.7583080e+22
      10000.0      1000.00   5.8216695e+38   3.4836446e+21
      10000.0      1500.00   5.1192368e+38   2.4156903e+18
      10000.0      2000.00   5.2007547e+38   1.9343666e+15
      10000.0      2500.00   5.2324217e+38   1.5324668e+12
      10000.0      3000.00   5.1344592e+38   1.1829203e+09
      10000.0      3500.00   6.2978548e+38       1138716.4
      10000.0      4000.00   5.8074502e+38       822.73304
      10000.0      5000.00   4.7259113e+38   0.00040691779
      10000.0      5500.00   4.4079976e+38   2.9396764e-07
      10000.0      6000.00   4.0806029e+38   2.0957149e-10
      10000.0      7000.00   4.0092940e+38   1.1940339e-16
      10000.0      8000.00   4.7331819e+38   7.8308240e-23
      10000.0      10000.0   3.1981180e+38   1.3403085e-35
      12000.0      0.00000   3.9651883e+38   5.8635936e+26
      12000.0      50.0000   3.8927242e+38   5.0716608e+26
      12000.0      100.000   3.7525401e+38   3.4409286e+26
      12000.0      150.000   3.6160820e+38   1.9886336e+26
      12000.0      200.000   3.5345455e+38   1.0576084e+26
      12000.0      300.000   3.5308150e+38   2.7358620e+25
      12000.0      400.000   3.5595458e+38   6.7098842e+24
      12000.0      600.000   3.8449449e+38   4.1498361e+23
      12000.0      800.000   4.1502272e+38   2.5567913e+22
      12000.0      1000.00   3.4589552e+38   1.2170772e+21
      12000.0      1500.00   2.7676412e+38   7.6028769e+17
      12000.0      2000.00   2.6567400e+38   5.6963002e+14
      12000.0      2500.00   2.9409136e+38   4.9048848e+11
      12000.0      3000.00   3.3062730e+38   4.2733791e+08
      12000.0      3500.00   3.3355825e+38       332556.66
      12000.0      4000.00   3.5299553e+38       269.89851
      12000.0      5000.00   3.4094542e+38   0.00015008689
      12000.0      5500.00   3.2305223e+38   1.0652908e-07
      12000.0      6000.00   3.1692479e+38   7.7445229e-11
      12000.0      7000.00   2.6855965e+38   3.4757538e-17
      12000.0      8000.00   2.5003591e+38   1.6112982e-23
      12000.0      10000.0   2.7494797e+38   3.4438601e-36
      15000.0      0.00000   9.4220175e+37   2.7884556e+25
      15000.0      50.0000   9.4441379e+37   2.4677595e+25
      15000.0      100.000   9.4353187e+37   1.7445128e+25
      15000.0      150.000   9.5092035e+37   1.0614214e+25
      15000.0      200.000   9.7887516e+37   5.9825701e+24
      15000.0      300.000   1.1070616e+38   1.7708252e+24
      15000.0      400.000   1.2352238e+38   4.8523386e+23
      15000.0      600.000   1.2508743e+38   2.8596621e+22
      15000.0      800.000   2.0512984e+38   2.7161711e+21
      15000.0      1000.00   1.8906291e+38   1.4514738e+20
      15000.0      1500.00   1.1476851e+38   7.2148914e+16
      15000.0      2000.00   9.4723080e+37   5.0058646e+13
      15000.0      2500.00   9.9494210e+37   4.6100022e+10
      15000.0      3000.00   1.2143133e+38       52193743.
      15000.0      3500.00   1.5200058e+38       64651.488
      15000.0      4000.00   1.8667404e+38       83.603249
      15000.0      5000.00   2.0628502e+38   0.00011668789
      15000.0      5500.00   3.1833736e+38   2.0912758e-07
      15000.0      6000.00   2.1572603e+38   1.6511614e-10
      15000.0      7000.00   1.8014157e+38   1.8299617e-16
      15000.0      8000.00   1.6416258e+38   2.0768514e-22
      15000.0      10000.0   1.4923896e+38   2.2219365e-34
      18000.0      0.00000   3.0582206e+37   3.5719648e+23
      18000.0      50.0000   3.1616197e+37   3.2640903e+23
      18000.0      100.000   3.3464756e+37   2.4481292e+23
      18000.0      150.000   3.7775622e+37   1.6705161e+23
      18000.0      200.000   4.0816580e+37   9.9125775e+22
      18000.0      300.000   5.0324157e+37   3.2249945e+22
      18000.0      400.000   6.1156928e+37   9.7521233e+21
      18000.0      600.000   6.2316880e+37   6.0504773e+20
      18000.0      800.000   7.5850633e+37   4.6568498e+19
      18000.0      1000.00   1.4405811e+38   6.0090092e+18
      18000.0      1500.00   7.2047885e+37   5.6663111e+15
      18000.0      2000.00   4.4392163e+37   1.1083078e+13
      18000.0      2500.00   3.1920591e+37   3.0199306e+10
      18000.0      3000.00   3.9540107e+37   1.4525380e+08
      18000.0      3500.00   5.3617203e+37       757053.91
      18000.0      4000.00   7.1576438e+37       3817.9038
      18000.0      5000.00   1.2414414e+38     0.089124833
      18000.0      5500.00   1.3315966e+38   0.00033990637
      18000.0      6000.00   1.4145525e+38   1.2563975e-06
      18000.0      7000.00   1.5547838e+38   1.5600850e-11
      18000.0      8000.00   1.1637509e+38   1.1953909e-16
      18000.0      10000.0   9.3195202e+37   7.2300361e-27
      24000.0      0.00000   1.2474089e+37   4.7871148e+17
      24000.0      50.0000   1.3007277e+37   4.4073845e+17
      24000.0      100.000   1.4322222e+37   3.4336586e+17
      24000.0      150.000   1.6155382e+37   2.3399641e+17
      24000.0      200.000   1.8282019e+37   1.4533648e+17
      24000.0      300.000   2.3567558e+37   4.9613987e+16
      24000.0      400.000   2.8993494e+37   1.5405804e+16
      24000.0      600.000   2.6862372e+37   9.7140072e+14
      24000.0      800.000   3.2197651e+37   1.0411568e+14
      24000.0      1000.00   4.7171872e+37   2.0003778e+13
      24000.0      1500.00   7.3637793e+37   4.5956838e+11
      24000.0      2000.00   3.9208189e+37   4.3505466e+09
      24000.0      2500.00   1.6350655e+37       31705216.
      24000.0      3000.00   3.6666098e+36       120840.52
      24000.0      3500.00   3.4036019e+36       1852.8784
      24000.0      4000.00   6.4239758e+36       56.169966
      24000.0      5000.00   1.8261327e+37     0.037753370
      24000.0      5500.00   2.6748390e+37   0.00081367202
      24000.0      6000.00   3.7385656e+37   1.6229571e-05
      24000.0      7000.00   7.1569018e+37   5.7793234e-09
      24000.0      8000.00   7.7842043e+37   1.0306438e-12
      24000.0      10000.0   6.7986943e+37   1.6321528e-20
