face-on central tau B
      3.78000
sfr
     0.950000
old
     0.350000
bd
      2.00000
      tau1
      3.17000
   hd [pc]
      5200.00
   zd [pc]
      140.000
 hdin [pc]
      4500.00
 zdin [pc]
      140.000
   hdsolar [pc]
      8000.00
   zdsolar [pc]
      140.000
      tau2
     0.610000
  hd1 [pc]
      3200.00
  zd1 [pc]
      50.0000
hd1in [pc]
      4500.00
zd1in [pc]
      67.0000
  hd1solar [pc]
      8000.00
  zd1solar [pc]
      90.0000
   hs [pc]
      2200.00
   zs [pc]
      140.000
 hsin [pc]
      4500.00
 zsin [pc]
      170.000
   hssolar [pc]
      8000.00
   zssolar [pc]
      300.000
 rtruncate [pc]
      14000.0
  hs1 [pc]
      3200.00
  zs1 [pc]
      50.0000
hs1in [pc]
      4500.00
zs1in [pc]
      67.0000
  hs1solar [pc]
      8000.00
  zs1solar [pc]
      90.0000
rtruncate1 [pc]
      14000.0
   ifinns2
           3
   ifinns1
           3
   ifinnd1
           3
   ifinnd2
           3
    idisk1
           3
    idisk2
           3
nposition in r
          23
nposition in z
          22
          
    r(pc)      z(pc)   urad(erg/pc3/A)        eabs(erg/s/pc3/A)
      0.00000      0.00000   1.0635315e+42   3.0665645e+30
      0.00000      50.0000   5.7862963e+41   1.2882654e+30
      0.00000      100.000   2.7459359e+41   3.8921674e+29
      0.00000      150.000   1.6437896e+41   1.3675047e+29
      0.00000      200.000   1.1148590e+41   5.0390717e+28
      0.00000      300.000   6.1661453e+40   7.2526468e+27
      0.00000      400.000   3.9371471e+40   1.1331812e+27
      0.00000      600.000   2.0166083e+40   3.3531403e+25
      0.00000      800.000   1.2134176e+40   1.1591960e+24
      0.00000      1000.00   8.4382160e+39   4.6304488e+22
      0.00000      1500.00   4.7641881e+39   2.0664766e+19
      0.00000      2000.00   3.3412895e+39   1.1455863e+16
      0.00000      2500.00   2.5964238e+39   7.0375695e+12
      0.00000      3000.00   2.1349625e+39   4.5746687e+09
      0.00000      3500.00   1.7988198e+39       3046452.4
      0.00000      4000.00   1.5281389e+39       2045.7404
      0.00000      5000.00   1.1600494e+39   0.00097038266
      0.00000      5500.00   1.0239901e+39   6.7708450e-07
      0.00000      6000.00   9.0330450e+38   4.7215392e-10
      0.00000      7000.00   7.0101255e+38   2.2892997e-16
      0.00000      8000.00   5.6066639e+38   1.1427193e-22
      0.00000      10000.0   3.7554802e+38   2.9283963e-35
      50.0000      0.00000   7.7895401e+41   2.2708487e+30
      50.0000      50.0000   4.6893664e+41   1.0558431e+30
      50.0000      100.000   2.6754439e+41   3.8344335e+29
      50.0000      150.000   1.6880829e+41   1.4201479e+29
      50.0000      200.000   1.1545459e+41   5.2743782e+28
      50.0000      300.000   6.3561149e+40   7.5586325e+27
      50.0000      400.000   3.9787079e+40   1.1575444e+27
      50.0000      600.000   2.0129276e+40   3.3854309e+25
      50.0000      800.000   1.2061316e+40   1.1649391e+24
      50.0000      1000.00   8.3697636e+39   4.6419896e+22
      50.0000      1500.00   4.7198162e+39   2.0700591e+19
      50.0000      2000.00   3.3087691e+39   1.1470117e+16
      50.0000      2500.00   2.5829977e+39   7.0782206e+12
      50.0000      3000.00   2.1147920e+39   4.5810970e+09
      50.0000      3500.00   1.7883815e+39       3062596.6
      50.0000      4000.00   1.5255525e+39       2065.0638
      50.0000      5000.00   1.1543047e+39   0.00097622971
      50.0000      5500.00   1.0203861e+39   6.8226492e-07
      50.0000      6000.00   9.0122926e+38   4.7635030e-10
      50.0000      7000.00   6.9926088e+38   2.3089803e-16
      50.0000      8000.00   5.5918453e+38   1.1527666e-22
      50.0000      10000.0   3.7420035e+38   2.9494036e-35
      100.000      0.00000   3.8419676e+41   1.1319465e+30
      100.000      50.0000   3.0038798e+41   6.8357405e+29
      100.000      100.000   2.1253389e+41   3.0811136e+29
      100.000      150.000   1.5249570e+41   1.2969709e+29
      100.000      200.000   1.1171507e+41   5.1595734e+28
      100.000      300.000   6.6094945e+40   7.9452476e+27
      100.000      400.000   4.2977607e+40   1.2641792e+27
      100.000      600.000   2.0776138e+40   3.5322579e+25
      100.000      800.000   1.2199912e+40   1.1913775e+24
      100.000      1000.00   8.3873872e+39   4.7045975e+22
      100.000      1500.00   4.6921892e+39   2.0805260e+19
      100.000      2000.00   3.2743028e+39   1.1475059e+16
      100.000      2500.00   2.5609127e+39   7.0940684e+12
      100.000      3000.00   2.0920198e+39   4.5821742e+09
      100.000      3500.00   1.7753562e+39       3073123.1
      100.000      4000.00   1.5171387e+39       2076.1399
      100.000      5000.00   1.1474178e+39   0.00098125567
      100.000      5500.00   1.0158517e+39   6.8661370e-07
      100.000      6000.00   8.9830986e+38   4.7997005e-10
      100.000      7000.00   6.9761331e+38   2.3289409e-16
      100.000      8000.00   5.5863687e+38   1.1641392e-22
      100.000      10000.0   3.7472499e+38   2.9863453e-35
      150.000      0.00000   2.3199691e+41   6.9089299e+29
      150.000      50.0000   1.9843917e+41   4.5652441e+29
      150.000      100.000   1.5633576e+41   2.2913569e+29
      150.000      150.000   1.2465421e+41   1.0716442e+29
      150.000      200.000   9.7711272e+40   4.5632625e+28
      150.000      300.000   6.3569901e+40   7.7262472e+27
      150.000      400.000   4.3662828e+40   1.2981141e+27
      150.000      600.000   2.2792405e+40   3.9150159e+25
      150.000      800.000   1.2785729e+40   1.2621074e+24
      150.000      1000.00   8.5866967e+39   4.8693635e+22
      150.000      1500.00   4.6990919e+39   2.1057563e+19
      150.000      2000.00   3.2609712e+39   1.1552917e+16
      150.000      2500.00   2.5436185e+39   7.1240075e+12
      150.000      3000.00   2.0719468e+39   4.5861730e+09
      150.000      3500.00   1.7629993e+39       3085515.1
      150.000      4000.00   1.5087374e+39       2086.9376
      150.000      5000.00   1.1399947e+39   0.00098546043
      150.000      5500.00   1.0100222e+39   6.9013486e-07
      150.000      6000.00   8.9363631e+38   4.8272721e-10
      150.000      7000.00   6.9544747e+38   2.3469174e-16
      150.000      8000.00   5.5738317e+38   1.1741358e-22
      150.000      10000.0   3.7643984e+38   3.0330303e-35
      200.000      0.00000   1.5697713e+41   4.7240572e+29
      200.000      50.0000   1.3973959e+41   3.2507246e+29
      200.000      100.000   1.1808905e+41   1.7494988e+29
      200.000      150.000   9.8251772e+40   8.5389761e+28
      200.000      200.000   8.1887626e+40   3.8648889e+28
      200.000      300.000   5.9297142e+40   7.2837248e+27
      200.000      400.000   4.2718802e+40   1.2841696e+27
      200.000      600.000   2.3528705e+40   4.0863719e+25
      200.000      800.000   1.4035439e+40   1.4004609e+24
      200.000      1000.00   9.0610417e+39   5.1924126e+22
      200.000      1500.00   4.7515269e+39   2.1521620e+19
      200.000      2000.00   3.2634498e+39   1.1686773e+16
      200.000      2500.00   2.5328413e+39   7.1695296e+12
      200.000      3000.00   2.0606302e+39   4.6110186e+09
      200.000      3500.00   1.7530903e+39       3100583.0
      200.000      4000.00   1.5022804e+39       2100.3961
      200.000      5000.00   1.1325357e+39   0.00098963535
      200.000      5500.00   1.0047477e+39   6.9397841e-07
      200.000      6000.00   8.8897839e+38   4.8541985e-10
      200.000      7000.00   6.9372011e+38   2.3666898e-16
      200.000      8000.00   5.5613432e+38   1.1842518e-22
      200.000      10000.0   3.7814269e+38   3.0798519e-35
      300.000      0.00000   8.7963322e+40   2.7016693e+29
      300.000      50.0000   7.8505947e+40   1.8654573e+29
      300.000      100.000   7.4729481e+40   1.1309162e+29
      300.000      150.000   6.3009576e+40   5.5925964e+28
      300.000      200.000   5.7514895e+40   2.7724057e+28
      300.000      300.000   4.3455633e+40   5.4528944e+27
      300.000      400.000   3.7283706e+40   1.1444871e+27
      300.000      600.000   2.5096584e+40   4.4514041e+25
      300.000      800.000   1.4231895e+40   1.4501942e+24
      300.000      1000.00   1.0531834e+40   6.1625549e+22
      300.000      1500.00   5.0961253e+39   2.3575764e+19
      300.000      2000.00   3.3531469e+39   1.2263992e+16
      300.000      2500.00   2.5344917e+39   7.3269086e+12
      300.000      3000.00   2.0582831e+39   4.7041451e+09
      300.000      3500.00   1.7403263e+39       3143366.9
      300.000      4000.00   1.4919288e+39       2130.3985
      300.000      5000.00   1.1205099e+39   0.00099991228
      300.000      5500.00   9.9536412e+38   7.0196987e-07
      300.000      6000.00   8.8108388e+38   4.9120748e-10
      300.000      7000.00   6.9057056e+38   2.4049552e-16
      300.000      8000.00   5.5440518e+38   1.2052497e-22
      300.000      10000.0   3.8184061e+38   3.1742679e-35
      400.000      0.00000   5.7092899e+40   1.7891014e+29
      400.000      50.0000   5.1866409e+40   1.2579454e+29
      400.000      100.000   4.7231880e+40   7.2987393e+28
      400.000      150.000   4.8570255e+40   4.4004385e+28
      400.000      200.000   3.9373294e+40   1.9374906e+28
      400.000      300.000   3.7055992e+40   4.7462618e+27
      400.000      400.000   2.7187375e+40   8.5168394e+26
      400.000      600.000   2.0478894e+40   3.7077550e+25
      400.000      800.000   1.7757984e+40   1.8471998e+24
      400.000      1000.00   1.0215851e+40   6.1045440e+22
      400.000      1500.00   5.8092845e+39   2.7438947e+19
      400.000      2000.00   3.5427512e+39   1.3223827e+16
      400.000      2500.00   2.5835195e+39   7.6249218e+12
      400.000      3000.00   2.0805528e+39   4.8529883e+09
      400.000      3500.00   1.7345275e+39       3198392.6
      400.000      4000.00   1.4884325e+39       2169.7124
      400.000      5000.00   1.1226873e+39    0.0010227446
      400.000      5500.00   9.8574040e+38   7.0974740e-07
      400.000      6000.00   8.7255817e+38   4.9663288e-10
      400.000      7000.00   6.8723286e+38   2.4441921e-16
      400.000      8000.00   5.5165328e+38   1.2244074e-22
      400.000      10000.0   3.8546095e+38   3.2716343e-35
      600.000      0.00000   2.9826464e+40   9.7078391e+28
      600.000      50.0000   2.9703190e+40   7.5057805e+28
      600.000      100.000   2.4638863e+40   3.9671774e+28
      600.000      150.000   2.3665698e+40   2.2328216e+28
      600.000      200.000   2.7832551e+40   1.4255803e+28
      600.000      300.000   1.9783114e+40   2.6371110e+27
      600.000      400.000   1.8874005e+40   6.1542325e+26
      600.000      600.000   1.3566154e+40   2.5565024e+25
      600.000      800.000   1.5963524e+40   1.7282039e+24
      600.000      1000.00   9.3778743e+39   5.8300635e+22
      600.000      1500.00   5.8240084e+39   2.8631199e+19
      600.000      2000.00   4.1717898e+39   1.6209481e+16
      600.000      2500.00   2.8658175e+39   8.8005731e+12
      600.000      3000.00   2.1826684e+39   5.3001935e+09
      600.000      3500.00   1.7686253e+39       3395105.0
      600.000      4000.00   1.4975939e+39       2271.8997
      600.000      5000.00   1.1226882e+39    0.0010642166
      600.000      5500.00   9.7822863e+38   7.3315812e-07
      600.000      6000.00   8.5879167e+38   5.0881689e-10
      600.000      7000.00   6.7989678e+38   2.5170145e-16
      600.000      8000.00   5.4790061e+38   1.2659395e-22
      600.000      10000.0   3.9168404e+38   3.4585918e-35
      800.000      0.00000   1.8245647e+40   6.1594161e+28
      800.000      50.0000   2.0851308e+40   5.4761482e+28
      800.000      100.000   1.6062144e+40   2.6890457e+28
      800.000      150.000   1.4653187e+40   1.4376786e+28
      800.000      200.000   1.4342348e+40   7.6374811e+27
      800.000      300.000   1.9966566e+40   2.7661357e+27
      800.000      400.000   1.1978030e+40   4.0578423e+26
      800.000      600.000   1.5486264e+40   3.0316315e+25
      800.000      800.000   8.2778472e+39   9.3141959e+23
      800.000      1000.00   1.2011716e+40   7.7622734e+22
      800.000      1500.00   7.7998418e+39   3.9827475e+19
      800.000      2000.00   4.0266512e+39   1.6258874e+16
      800.000      2500.00   3.0951033e+39   9.8803581e+12
      800.000      3000.00   2.4426237e+39   6.1621617e+09
      800.000      3500.00   1.8730411e+39       3736212.9
      800.000      4000.00   1.5397790e+39       2427.9669
      800.000      5000.00   1.1262551e+39    0.0011096673
      800.000      5500.00   9.7578865e+38   7.5990654e-07
      800.000      6000.00   8.5252385e+38   5.2494426e-10
      800.000      7000.00   6.8057362e+38   2.6171486e-16
      800.000      8000.00   5.5101715e+38   1.3225940e-22
      800.000      10000.0   3.9485014e+38   3.6217400e-35
      1000.00      0.00000   1.2530328e+40   4.3798745e+28
      1000.00      50.0000   1.5686889e+40   4.2788623e+28
      1000.00      100.000   1.1822376e+40   2.0562283e+28
      1000.00      150.000   1.0477715e+40   1.0668804e+28
      1000.00      200.000   9.8226425e+39   5.4286218e+27
      1000.00      300.000   1.0508084e+40   1.5103324e+27
      1000.00      400.000   1.2065389e+40   4.2431405e+26
      1000.00      600.000   7.2954306e+39   1.4829589e+25
      1000.00      800.000   1.1137428e+40   1.3005898e+24
      1000.00      1000.00   6.0093044e+39   4.0291900e+22
      1000.00      1500.00   5.2912990e+39   2.8057794e+19
      1000.00      2000.00   8.0365348e+39   3.3673735e+16
      1000.00      2500.00   3.0149595e+39   9.9878081e+12
      1000.00      3000.00   2.4281387e+39   6.3583875e+09
      1000.00      3500.00   2.0561315e+39       4256200.2
      1000.00      4000.00   1.6396608e+39       2682.6791
      1000.00      5000.00   1.1443534e+39    0.0011700785
      1000.00      5500.00   9.9020064e+38   8.0028900e-07
      1000.00      6000.00   8.6387268e+38   5.5184842e-10
      1000.00      7000.00   6.8727459e+38   2.7434805e-16
      1000.00      8000.00   5.5450888e+38   1.3812668e-22
      1000.00      10000.0   3.9419926e+38   3.7514328e-35
      1500.00      0.00000   6.8300076e+39   2.5869029e+28
      1500.00      50.0000   8.4745969e+39   2.5256533e+28
      1500.00      100.000   7.6803994e+39   1.4616380e+28
      1500.00      150.000   6.3700041e+39   7.0874134e+27
      1500.00      200.000   5.7586645e+39   3.4732419e+27
      1500.00      300.000   5.1124272e+39   8.0186128e+26
      1500.00      400.000   5.1533794e+39   1.9771066e+26
      1500.00      600.000   7.0792528e+39   1.5691564e+25
      1500.00      800.000   4.3590968e+39   5.5524155e+23
      1500.00      1000.00   4.7238463e+39   3.4560385e+22
      1500.00      1500.00   3.6775856e+39   2.1269218e+19
      1500.00      2000.00   5.8114369e+39   2.6561926e+16
      1500.00      2500.00   2.8266661e+39   1.0216108e+13
      1500.00      3000.00   4.9805522e+39   1.4226640e+10
      1500.00      3500.00   2.1247981e+39       4797694.5
      1500.00      4000.00   1.6202514e+39       2891.8752
      1500.00      5000.00   1.2791938e+39    0.0014267760
      1500.00      5500.00   1.0983659e+39   9.6838525e-07
      1500.00      6000.00   9.2874956e+38   6.4720629e-10
      1500.00      7000.00   7.1916850e+38   3.1317461e-16
      1500.00      8000.00   5.8350480e+38   1.5855452e-22
      1500.00      10000.0   3.9249927e+38   4.0658342e-35
      2000.00      0.00000   5.7643561e+39   2.3484379e+28
      2000.00      50.0000   6.0861579e+39   1.9678071e+28
      2000.00      100.000   6.7480398e+39   1.3960827e+28
      2000.00      150.000   5.7739561e+39   6.9722505e+27
      2000.00      200.000   5.1830650e+39   3.3890793e+27
      2000.00      300.000   4.4930636e+39   7.6349976e+26
      2000.00      400.000   4.1370406e+39   1.7194942e+26
      2000.00      600.000   4.4186897e+39   1.0612979e+25
      2000.00      800.000   5.3856068e+39   7.4321476e+23
      2000.00      1000.00   3.5342084e+39   2.8015594e+22
      2000.00      1500.00   5.8019206e+39   3.6350032e+19
      2000.00      2000.00   2.7137644e+39   1.3440241e+16
      2000.00      2500.00   4.0699896e+39   1.5931548e+13
      2000.00      3000.00   2.1963555e+39   6.7977431e+09
      2000.00      3500.00   1.9866117e+39       4859899.5
      2000.00      4000.00   3.4830652e+39       6735.7737
      2000.00      5000.00   1.2043199e+39    0.0014549709
      2000.00      5500.00   1.0476118e+39   1.0005551e-06
      2000.00      6000.00   9.5174710e+38   7.1854472e-10
      2000.00      7000.00   7.8445683e+38   3.7004016e-16
      2000.00      8000.00   6.2285296e+38   1.8329969e-22
      2000.00      10000.0   3.9415140e+38   4.4127552e-35
      3000.00      0.00000   5.6372844e+39   2.6088716e+28
      3000.00      50.0000   5.4973554e+39   2.0556945e+28
      3000.00      100.000   5.3688088e+39   1.2917354e+28
      3000.00      150.000   5.4888537e+39   7.6829468e+27
      3000.00      200.000   5.1858560e+39   3.9206779e+27
      3000.00      300.000   4.5314317e+39   8.8897238e+26
      3000.00      400.000   4.0843361e+39   1.9588105e+26
      3000.00      600.000   3.5874206e+39   9.9429497e+24
      3000.00      800.000   3.3401559e+39   5.3187263e+23
      3000.00      1000.00   3.9888509e+39   3.6471098e+22
      3000.00      1500.00   2.5927123e+39   1.8738524e+19
      3000.00      2000.00   2.4077116e+39   1.3757294e+16
      3000.00      2500.00   2.5270818e+39   1.1415074e+13
      3000.00      3000.00   1.6894379e+39   6.0326125e+09
      3000.00      3500.00   1.7153243e+39       4841447.6
      3000.00      4000.00   2.4304623e+39       5423.4878
      3000.00      5000.00   1.1274154e+39    0.0015717232
      3000.00      5500.00   1.2612373e+39   1.3896691e-06
      3000.00      6000.00   2.0088062e+39   1.7498889e-09
      3000.00      7000.00   7.8223774e+38   4.2543695e-16
      3000.00      8000.00   5.9969526e+38   2.0343409e-22
      3000.00      10000.0   4.4160791e+38   5.6535242e-35
      4000.00      0.00000   5.8769506e+39   3.0311293e+28
      4000.00      50.0000   5.7006203e+39   2.4181703e+28
      4000.00      100.000   5.3319517e+39   1.4673679e+28
      4000.00      150.000   5.1338078e+39   8.1933507e+27
      4000.00      200.000   5.1249302e+39   4.4063419e+27
      4000.00      300.000   4.6866836e+39   1.0427178e+27
      4000.00      400.000   4.1597129e+39   2.2614838e+26
      4000.00      600.000   3.4941161e+39   1.0974593e+25
      4000.00      800.000   3.0696954e+39   5.5386199e+23
      4000.00      1000.00   2.7917000e+39   2.8937875e+22
      4000.00      1500.00   3.8663400e+39   3.1675397e+19
      4000.00      2000.00   1.9869567e+39   1.2866233e+16
      4000.00      2500.00   1.7663960e+39   9.0429977e+12
      4000.00      3000.00   2.6164312e+39   1.0588250e+10
      4000.00      3500.00   1.4370583e+39       4596988.3
      4000.00      4000.00   1.1666040e+39       2949.2450
      4000.00      5000.00   1.6141777e+39    0.0025502800
      4000.00      5500.00   1.2439106e+39   1.5536242e-06
      4000.00      6000.00   8.6147505e+38   8.5024130e-10
      4000.00      7000.00   7.3878356e+38   4.5517839e-16
      4000.00      8000.00   1.3219901e+39   5.0688340e-22
      4000.00      10000.0   4.1684954e+38   5.9496234e-35
      4500.00      0.00000   5.7955272e+39   3.1393896e+28
      4500.00      50.0000   5.6109311e+39   2.5197645e+28
      4500.00      100.000   5.2146658e+39   1.5260634e+28
      4500.00      150.000   4.9130124e+39   8.3330473e+27
      4500.00      200.000   4.8103826e+39   4.3891827e+27
      4500.00      300.000   4.5368554e+39   1.0693642e+27
      4500.00      400.000   4.0154149e+39   2.3121295e+26
      4500.00      600.000   3.3290759e+39   1.1068840e+25
      4500.00      800.000   2.9030473e+39   5.5487603e+23
      4500.00      1000.00   2.6097898e+39   2.8629495e+22
      4500.00      1500.00   2.6422860e+39   2.2921872e+19
      4500.00      2000.00   1.9659679e+39   1.3480933e+16
      4500.00      2500.00   1.6091679e+39   8.7220408e+12
      4500.00      3000.00   1.5318968e+39   6.5643906e+09
      4500.00      3500.00   2.3749160e+39       8045117.6
      4500.00      4000.00   1.1788643e+39       3156.0445
      4500.00      5000.00   9.4329450e+38    0.0015780536
      4500.00      5500.00   1.1765593e+39   1.5556977e-06
      4500.00      6000.00   1.3794152e+39   1.4415059e-09
      4500.00      7000.00   6.7312298e+38   4.3886311e-16
      4500.00      8000.00   6.2396114e+38   2.5277633e-22
      4500.00      10000.0   5.1112318e+38   7.6340335e-35
      5000.00      0.00000   4.8179356e+39   2.3272356e+28
      5000.00      50.0000   4.6843745e+39   1.8945457e+28
      5000.00      100.000   4.3979853e+39   1.1699991e+28
      5000.00      150.000   4.1679084e+39   6.4330723e+27
      5000.00      200.000   4.0560676e+39   3.3683394e+27
      5000.00      300.000   4.0107157e+39   8.5947445e+26
      5000.00      400.000   3.6208759e+39   1.8943532e+26
      5000.00      600.000   3.0036762e+39   9.0742647e+24
      5000.00      800.000   2.6491242e+39   4.5955652e+23
      5000.00      1000.00   2.3758370e+39   2.3687976e+22
      5000.00      1500.00   2.0646043e+39   1.6267732e+19
      5000.00      2000.00   2.1823311e+39   1.3592304e+16
      5000.00      2500.00   1.5197126e+39   7.4829252e+12
      5000.00      3000.00   1.3572811e+39   5.2825180e+09
      5000.00      3500.00   1.3839717e+39       4256742.3
      5000.00      4000.00   1.6527972e+39       4019.6969
      5000.00      5000.00   8.4277224e+38    0.0012803565
      5000.00      5500.00   8.1236154e+38   9.7558015e-07
      5000.00      6000.00   9.2860945e+38   8.8090323e-10
      5000.00      7000.00   8.0012455e+38   4.7333818e-16
      5000.00      8000.00   5.3498958e+38   1.9623857e-22
      5000.00      10000.0   9.3578878e+38   1.2494177e-34
      6000.00      0.00000   3.1592447e+39   1.2183158e+28
      6000.00      50.0000   3.0928150e+39   1.0150014e+28
      6000.00      100.000   2.9568978e+39   6.4905180e+27
      6000.00      150.000   2.8430906e+39   3.6355408e+27
      6000.00      200.000   2.7628063e+39   1.9001152e+27
      6000.00      300.000   2.8316006e+39   5.0137627e+26
      6000.00      400.000   2.7440738e+39   1.1845968e+26
      6000.00      600.000   2.2791141e+39   5.6811375e+24
      6000.00      800.000   2.0248340e+39   2.8992233e+23
      6000.00      1000.00   1.8246682e+39   1.5004116e+22
      6000.00      1500.00   1.5575189e+39   1.0124088e+19
      6000.00      2000.00   1.6915881e+39   8.6923012e+15
      6000.00      2500.00   1.4391644e+39   5.8456358e+12
      6000.00      3000.00   1.1620216e+39   3.7315957e+09
      6000.00      3500.00   1.0580284e+39       2684350.9
      6000.00      4000.00   9.9970428e+38       2005.3893
      6000.00      5000.00   9.4844863e+38    0.0011881489
      6000.00      5500.00   7.2394550e+38   7.1642575e-07
      6000.00      6000.00   6.4440508e+38   5.0349465e-10
      6000.00      7000.00   6.5559739e+38   3.1833503e-16
      6000.00      8000.00   8.8099464e+38   2.6368790e-22
      6000.00      10000.0   3.8231903e+38   4.0220558e-35
      8000.00      0.00000   1.3928932e+39   3.4718051e+27
      8000.00      50.0000   1.3733077e+39   2.9731793e+27
      8000.00      100.000   1.3454587e+39   1.9990981e+27
      8000.00      150.000   1.3305540e+39   1.1641367e+27
      8000.00      200.000   1.3290618e+39   6.2638026e+26
      8000.00      300.000   1.3432255e+39   1.6268954e+26
      8000.00      400.000   1.4762173e+39   4.3482568e+25
      8000.00      600.000   1.3171810e+39   2.2338394e+24
      8000.00      800.000   1.1085743e+39   1.0792923e+23
      8000.00      1000.00   1.0015933e+39   5.5995956e+21
      8000.00      1500.00   8.8258246e+38   3.8986352e+18
      8000.00      2000.00   8.1491982e+38   2.8453483e+15
      8000.00      2500.00   8.3508662e+38   2.3039748e+12
      8000.00      3000.00   1.3112400e+39   2.8577968e+09
      8000.00      3500.00   7.6330583e+38       1313712.8
      8000.00      4000.00   6.8703876e+38       933.58625
      8000.00      5000.00   5.7620792e+38   0.00048663019
      8000.00      5500.00   5.8370787e+38   3.8769330e-07
      8000.00      6000.00   8.6234764e+38   4.4983766e-10
      8000.00      7000.00   4.8691010e+38   1.5500839e-16
      8000.00      8000.00   4.2787752e+38   8.1292658e-23
      8000.00      10000.0   5.4283385e+38   3.2059058e-35
      10000.0      0.00000   6.3690794e+38   1.0224264e+27
      10000.0      50.0000   6.2962084e+38   8.8654123e+26
      10000.0      100.000   6.2283642e+38   6.1178046e+26
      10000.0      150.000   6.2632730e+38   3.6593030e+26
      10000.0      200.000   6.4277368e+38   2.0328073e+26
      10000.0      300.000   6.8460594e+38   5.5748818e+25
      10000.0      400.000   7.0787871e+38   1.4002293e+25
      10000.0      600.000   8.7875513e+38   9.9683503e+23
      10000.0      800.000   6.8929614e+38   4.4789675e+22
      10000.0      1000.00   5.7633715e+38   2.1470476e+21
      10000.0      1500.00   4.4482844e+38   1.3067390e+18
      10000.0      2000.00   4.6627306e+38   1.0793750e+15
      10000.0      2500.00   4.7724368e+38   8.7014981e+11
      10000.0      3000.00   4.7914733e+38   6.8709219e+08
      10000.0      3500.00   7.1712412e+38       807053.79
      10000.0      4000.00   5.8068917e+38       512.02947
      10000.0      5000.00   4.3054605e+38   0.00023072627
      10000.0      5500.00   3.9541945e+38   1.6417465e-07
      10000.0      6000.00   3.5990167e+38   1.1510617e-10
      10000.0      7000.00   3.7156158e+38   6.8859889e-17
      10000.0      8000.00   4.8819371e+38   5.0275905e-23
      10000.0      10000.0   2.8205632e+38   7.3615027e-36
      12000.0      0.00000   2.8796841e+38   2.6509849e+26
      12000.0      50.0000   2.8523770e+38   2.3133610e+26
      12000.0      100.000   2.8417561e+38   1.6226183e+26
      12000.0      150.000   2.8984382e+38   9.9219702e+25
      12000.0      200.000   3.0654363e+38   5.7093063e+25
      12000.0      300.000   3.5318674e+38   1.7033495e+25
      12000.0      400.000   3.6997953e+38   4.3394761e+24
      12000.0      600.000   5.3360142e+38   3.5866843e+23
      12000.0      800.000   4.9771117e+38   1.9089870e+22
      12000.0      1000.00   3.8041073e+38   8.3315913e+20
      12000.0      1500.00   2.3170102e+38   3.9625768e+17
      12000.0      2000.00   2.1651620e+38   2.8890468e+14
      12000.0      2500.00   2.5803001e+38   2.6802248e+11
      12000.0      3000.00   3.0220337e+38   2.4320393e+08
      12000.0      3500.00   3.0652836e+38       190253.42
      12000.0      4000.00   3.6416439e+38       173.37037
      12000.0      5000.00   3.2264023e+38   8.8397559e-05
      12000.0      5500.00   2.9477091e+38   6.0506743e-08
      12000.0      6000.00   2.8500165e+38   4.3367919e-11
      12000.0      7000.00   2.3216173e+38   1.8700529e-17
      12000.0      8000.00   2.1533758e+38   8.6377655e-24
      12000.0      10000.0   2.5665451e+38   2.0012819e-36
      15000.0      0.00000   8.5020461e+37   1.5660230e+25
      15000.0      50.0000   8.6976091e+37   1.4142783e+25
      15000.0      100.000   8.9527697e+37   1.0303768e+25
      15000.0      150.000   9.4761647e+37   6.5842575e+24
      15000.0      200.000   1.0612070e+38   4.0381746e+24
      15000.0      300.000   1.4241287e+38   1.4181506e+24
      15000.0      400.000   1.5557403e+38   3.8042245e+23
      15000.0      600.000   1.8233018e+38   2.5946116e+22
      15000.0      800.000   3.5238112e+38   2.9042824e+21
      15000.0      1000.00   2.8292586e+38   1.3522794e+20
      15000.0      1500.00   1.2479039e+38   4.8841450e+16
      15000.0      2000.00   6.9873118e+37   2.2990941e+13
      15000.0      2500.00   7.5095724e+37   2.1662396e+10
      15000.0      3000.00   1.0060023e+38       26920791.
      15000.0      3500.00   1.3787342e+38       36517.613
      15000.0      4000.00   1.7758039e+38       49.508467
      15000.0      5000.00   2.1541079e+38   7.5854826e-05
      15000.0      5500.00   3.8425233e+38   1.5713197e-07
      15000.0      6000.00   2.1528988e+38   1.0256687e-10
      15000.0      7000.00   1.6292924e+38   1.0302630e-16
      15000.0      8000.00   1.4135757e+38   1.1130988e-22
      15000.0      10000.0   1.2783477e+38   1.1848622e-34
      18000.0      0.00000   3.5929415e+37   2.6138311e+23
      18000.0      50.0000   3.5612773e+37   2.2881269e+23
      18000.0      100.000   3.8053363e+37   1.7317206e+23
      18000.0      150.000   4.8341003e+37   1.3309375e+23
      18000.0      200.000   5.7105372e+37   8.6345726e+22
      18000.0      300.000   8.1914011e+37   3.2681737e+22
      18000.0      400.000   9.0572174e+37   8.9897477e+21
      18000.0      600.000   9.3138762e+37   5.6279212e+20
      18000.0      800.000   1.6849087e+38   6.4406646e+19
      18000.0      1000.00   2.5626576e+38   6.6530143e+18
      18000.0      1500.00   1.1322290e+38   5.5419386e+15
      18000.0      2000.00   4.0023843e+37   6.2199653e+12
      18000.0      2500.00   2.1753235e+37   1.2809619e+10
      18000.0      3000.00   2.7659579e+37       63224560.
      18000.0      3500.00   4.1211784e+37       362221.83
      18000.0      4000.00   6.0953427e+37       2023.9069
      18000.0      5000.00   1.2142316e+38     0.054256474
      18000.0      5500.00   1.3125860e+38   0.00020857391
      18000.0      6000.00   1.4972753e+38   8.2777215e-07
      18000.0      7000.00   1.6546400e+38   1.0335046e-11
      18000.0      8000.00   1.0651822e+38   6.8110074e-17
      18000.0      10000.0   7.8644679e+37   3.7990371e-27
      24000.0      0.00000   1.6802097e+37   4.0142881e+17
      24000.0      50.0000   1.4682405e+37   3.0964623e+17
      24000.0      100.000   1.4896484e+37   2.2235954e+17
      24000.0      150.000   1.6731879e+37   1.5087514e+17
      24000.0      200.000   1.9842834e+37   9.8197684e+16
      24000.0      300.000   3.0834299e+37   4.0392517e+16
      24000.0      400.000   4.1089334e+37   1.3588510e+16
      24000.0      600.000   3.8000817e+37   8.5567059e+14
      24000.0      800.000   4.9389098e+37   9.9385750e+13
      24000.0      1000.00   9.9271153e+37   2.6202531e+13
      24000.0      1500.00   1.1512171e+38   4.4721182e+11
      24000.0      2000.00   5.5624928e+37   3.8417404e+09
      24000.0      2500.00   1.4745823e+37       17799688.
      24000.0      3000.00   3.3289503e+36       68296.396
      24000.0      3500.00   2.2694366e+36       769.07382
      24000.0      4000.00   3.8121110e+36       20.749679
      24000.0      5000.00   1.2305015e+37     0.015833426
      24000.0      5500.00   2.0104910e+37   0.00038059131
      24000.0      6000.00   3.1470514e+37   8.5068499e-06
      24000.0      7000.00   7.1851362e+37   3.6117623e-09
      24000.0      8000.00   7.7680541e+37   6.4026225e-13
      24000.0      10000.0   6.5307899e+37   9.7576858e-21
