face-on central tau B
      3.78000
sfr
     0.950000
old
     0.350000
bd
      2.00000
      tau1
      3.17000
   hd [pc]
      5200.00
   zd [pc]
      140.000
 hdin [pc]
      4500.00
 zdin [pc]
      140.000
   hdsolar [pc]
      8000.00
   zdsolar [pc]
      140.000
      tau2
     0.610000
  hd1 [pc]
      3200.00
  zd1 [pc]
      50.0000
hd1in [pc]
      4500.00
zd1in [pc]
      67.0000
  hd1solar [pc]
      8000.00
  zd1solar [pc]
      90.0000
   hs [pc]
      2200.00
   zs [pc]
      140.000
 hsin [pc]
      4500.00
 zsin [pc]
      170.000
   hssolar [pc]
      8000.00
   zssolar [pc]
      300.000
 rtruncate [pc]
      14000.0
  hs1 [pc]
      3200.00
  zs1 [pc]
      50.0000
hs1in [pc]
      4500.00
zs1in [pc]
      67.0000
  hs1solar [pc]
      8000.00
  zs1solar [pc]
      90.0000
rtruncate1 [pc]
      14000.0
   ifinns2
           3
   ifinns1
           3
   ifinnd1
           3
   ifinnd2
           3
    idisk1
           3
    idisk2
           3
nposition in r
          23
nposition in z
          22
          
    r(pc)      z(pc)   urad(erg/pc3/A)        eabs(erg/s/pc3/A)
      0.00000      0.00000   1.4000795e+41   2.0929067e+29
      0.00000      50.0000   7.6192993e+40   8.7937668e+28
      0.00000      100.000   3.6466435e+40   2.6796178e+28
      0.00000      150.000   2.2139977e+40   9.5473237e+27
      0.00000      200.000   1.5278627e+40   3.5788185e+27
      0.00000      300.000   8.7878124e+39   5.3587436e+26
      0.00000      400.000   5.8529835e+39   8.7294263e+25
      0.00000      600.000   3.2908615e+39   2.8366178e+24
      0.00000      800.000   2.2182697e+39   1.0984469e+23
      0.00000      1000.00   1.7140611e+39   4.8750914e+21
      0.00000      1500.00   1.1615405e+39   2.6116617e+18
      0.00000      2000.00   8.8840759e+38   1.5792341e+15
      0.00000      2500.00   7.2791063e+38   1.0224851e+12
      0.00000      3000.00   6.1310564e+38   6.8077451e+08
      0.00000      3500.00   5.2374454e+38       459792.39
      0.00000      4000.00   4.4750573e+38       310.55970
      0.00000      5000.00   3.4105973e+38   0.00014788683
      0.00000      5500.00   3.0130762e+38   1.0326928e-07
      0.00000      6000.00   2.6559399e+38   7.1946571e-11
      0.00000      7000.00   2.0489679e+38   3.4691235e-17
      0.00000      8000.00   1.6314753e+38   1.7240033e-23
      0.00000      10000.0   1.0951244e+38   4.4258351e-36
      50.0000      0.00000   1.0288781e+41   1.5548598e+29
      50.0000      50.0000   6.1993508e+40   7.2334165e+28
      50.0000      100.000   3.5647360e+40   2.6495653e+28
      50.0000      150.000   2.2800685e+40   9.9411205e+27
      50.0000      200.000   1.5838079e+40   3.7516747e+27
      50.0000      300.000   9.0472122e+39   5.5754928e+26
      50.0000      400.000   5.9048491e+39   8.9053517e+25
      50.0000      600.000   3.2841450e+39   2.8621387e+24
      50.0000      800.000   2.2062513e+39   1.1047433e+23
      50.0000      1000.00   1.7037841e+39   4.8992611e+21
      50.0000      1500.00   1.1554093e+39   2.6261121e+18
      50.0000      2000.00   8.8372551e+38   1.5881692e+15
      50.0000      2500.00   7.2472647e+38   1.0293940e+12
      50.0000      3000.00   6.1025789e+38   6.8511323e+08
      50.0000      3500.00   5.2181442e+38       463181.82
      50.0000      4000.00   4.4679455e+38       313.50417
      50.0000      5000.00   3.4019769e+38   0.00014916114
      50.0000      5500.00   3.0091467e+38   1.0430415e-07
      50.0000      6000.00   2.6552422e+38   7.2758892e-11
      50.0000      7000.00   2.0499758e+38   3.5084269e-17
      50.0000      8000.00   1.6318748e+38   1.7436658e-23
      50.0000      10000.0   1.0982751e+38   4.4865670e-36
      100.000      0.00000   5.1375333e+40   7.8474069e+28
      100.000      50.0000   4.0115474e+40   4.7338071e+28
      100.000      100.000   2.8598133e+40   2.1484529e+28
      100.000      150.000   2.0750412e+40   9.1471759e+27
      100.000      200.000   1.5407857e+40   3.6905151e+27
      100.000      300.000   9.4087973e+39   5.8648900e+26
      100.000      400.000   6.3459607e+39   9.6732019e+25
      100.000      600.000   3.3704694e+39   2.9693456e+24
      100.000      800.000   2.2233596e+39   1.1253459e+23
      100.000      1000.00   1.7044297e+39   4.9550235e+21
      100.000      1500.00   1.1507780e+39   2.6447262e+18
      100.000      2000.00   8.7927682e+38   1.5972482e+15
      100.000      2500.00   7.2076369e+38   1.0351265e+12
      100.000      3000.00   6.0671788e+38   6.8863769e+08
      100.000      3500.00   5.1958058e+38       466241.02
      100.000      4000.00   4.4528761e+38       315.84953
      100.000      5000.00   3.3913260e+38   0.00015033883
      100.000      5500.00   3.0032849e+38   1.0521277e-07
      100.000      6000.00   2.6521774e+38   7.3447045e-11
      100.000      7000.00   2.0504630e+38   3.5481086e-17
      100.000      8000.00   1.6332244e+38   1.7643509e-23
      100.000      10000.0   1.1034820e+38   4.5587769e-36
      150.000      0.00000   3.1575762e+40   4.8730384e+28
      150.000      50.0000   2.6933854e+40   3.2125248e+28
      150.000      100.000   2.1320604e+40   1.6196418e+28
      150.000      150.000   1.7162977e+40   7.6484944e+27
      150.000      200.000   1.3611570e+40   3.2962206e+27
      150.000      300.000   9.1021386e+39   5.7347988e+26
      150.000      400.000   6.4515373e+39   9.9416736e+25
      150.000      600.000   3.6462924e+39   3.2464371e+24
      150.000      800.000   2.3009030e+39   1.1774211e+23
      150.000      1000.00   1.7294621e+39   5.0831853e+21
      150.000      1500.00   1.1500580e+39   2.6720282e+18
      150.000      2000.00   8.7675140e+38   1.6099969e+15
      150.000      2500.00   7.1753566e+38   1.0416720e+12
      150.000      3000.00   6.0354012e+38   6.9252567e+08
      150.000      3500.00   5.1730101e+38       469249.80
      150.000      4000.00   4.4385009e+38       318.30341
      150.000      5000.00   3.3790344e+38   0.00015141908
      150.000      5500.00   2.9949096e+38   1.0608098e-07
      150.000      6000.00   2.6450852e+38   7.4060372e-11
      150.000      7000.00   2.0488706e+38   3.5844135e-17
      150.000      8000.00   1.6329381e+38   1.7831969e-23
      150.000      10000.0   1.1103838e+38   4.6364886e-36
      200.000      0.00000   2.1817322e+40   3.4034853e+28
      200.000      50.0000   1.9353757e+40   2.3333486e+28
      200.000      100.000   1.6393865e+40   1.2589893e+28
      200.000      150.000   1.3742384e+40   6.1910149e+27
      200.000      200.000   1.1567096e+40   2.8296895e+27
      200.000      300.000   8.5708689e+39   5.4575683e+26
      200.000      400.000   6.3449655e+39   9.8826335e+25
      200.000      600.000   3.7492703e+39   3.3755602e+24
      200.000      800.000   2.4701208e+39   1.2776424e+23
      200.000      1000.00   1.7918332e+39   5.3225767e+21
      200.000      1500.00   1.1555777e+39   2.7132018e+18
      200.000      2000.00   8.7593374e+38   1.6258855e+15
      200.000      2500.00   7.1444365e+38   1.0483246e+12
      200.000      3000.00   6.0178604e+38   6.9796385e+08
      200.000      3500.00   5.1526665e+38       472431.30
      200.000      4000.00   4.4276376e+38       320.88852
      200.000      5000.00   3.3683805e+38   0.00015254848
      200.000      5500.00   2.9874861e+38   1.0695897e-07
      200.000      6000.00   2.6375660e+38   7.4639940e-11
      200.000      7000.00   2.0479762e+38   3.6211055e-17
      200.000      8000.00   1.6325737e+38   1.8014465e-23
      200.000      10000.0   1.1163507e+38   4.7107634e-36
      300.000      0.00000   1.2885753e+40   2.0520328e+28
      300.000      50.0000   1.1426526e+40   1.4072586e+28
      300.000      100.000   1.0855384e+40   8.5159765e+27
      300.000      150.000   9.1803233e+39   4.2241453e+27
      300.000      200.000   8.4338762e+39   2.1073137e+27
      300.000      300.000   6.4976871e+39   4.2253865e+26
      300.000      400.000   5.6573543e+39   9.0000814e+25
      300.000      600.000   3.9793854e+39   3.6584492e+24
      300.000      800.000   2.4990663e+39   1.3199601e+23
      300.000      1000.00   1.9907303e+39   6.0387605e+21
      300.000      1500.00   1.1992629e+39   2.8764197e+18
      300.000      2000.00   8.8546147e+38   1.6786245e+15
      300.000      2500.00   7.1168079e+38   1.0663832e+12
      300.000      3000.00   5.9975487e+38   7.1060131e+08
      300.000      3500.00   5.1198338e+38       479437.46
      300.000      4000.00   4.4087504e+38       326.34704
      300.000      5000.00   3.3494124e+38   0.00015492382
      300.000      5500.00   2.9724717e+38   1.0866111e-07
      300.000      6000.00   2.6231899e+38   7.5822309e-11
      300.000      7000.00   2.0479460e+38   3.6981639e-17
      300.000      8000.00   1.6334140e+38   1.8414052e-23
      300.000      10000.0   1.1286740e+38   4.8653560e-36
      400.000      0.00000   8.9071516e+39   1.4466459e+28
      400.000      50.0000   8.0173282e+39   1.0081641e+28
      400.000      100.000   7.2604723e+39   5.8154550e+27
      400.000      150.000   7.4212868e+39   3.4848936e+27
      400.000      200.000   6.0576099e+39   1.5452835e+27
      400.000      300.000   5.7232044e+39   3.7980704e+26
      400.000      400.000   4.3210049e+39   7.0164393e+25
      400.000      600.000   3.3672502e+39   3.1598730e+24
      400.000      800.000   2.9890449e+39   1.6118676e+23
      400.000      1000.00   1.9471441e+39   6.0298308e+21
      400.000      1500.00   1.2940465e+39   3.1674038e+18
      400.000      2000.00   9.1014874e+38   1.7610241e+15
      400.000      2500.00   7.1514005e+38   1.0937575e+12
      400.000      3000.00   6.0062200e+38   7.2630038e+08
      400.000      3500.00   5.0930046e+38       486814.21
      400.000      4000.00   4.3969710e+38       332.23988
      400.000      5000.00   3.3487000e+38   0.00015812689
      400.000      5500.00   2.9553202e+38   1.1031436e-07
      400.000      6000.00   2.6076920e+38   7.6923957e-11
      400.000      7000.00   2.0465885e+38   3.7725712e-17
      400.000      8000.00   1.6332815e+38   1.8792065e-23
      400.000      10000.0   1.1430260e+38   5.0281003e-36
      600.000      0.00000   5.3769812e+39   9.0724801e+27
      600.000      50.0000   5.2612598e+39   6.8908635e+27
      600.000      100.000   4.3338259e+39   3.6155523e+27
      600.000      150.000   4.1286749e+39   2.0196508e+27
      600.000      200.000   4.7136186e+39   1.2514433e+27
      600.000      300.000   3.4382795e+39   2.3755362e+26
      600.000      400.000   3.2775895e+39   5.5416934e+25
      600.000      600.000   2.4673481e+39   2.4102395e+24
      600.000      800.000   2.7692265e+39   1.5542816e+23
      600.000      1000.00   1.8431934e+39   5.9412556e+21
      600.000      1500.00   1.2926798e+39   3.2932519e+18
      600.000      2000.00   9.9256081e+38   1.9997341e+15
      600.000      2500.00   7.4990362e+38   1.1943238e+12
      600.000      3000.00   6.1109095e+38   7.6922451e+08
      600.000      3500.00   5.1031737e+38       507749.60
      600.000      4000.00   4.3954717e+38       345.71680
      600.000      5000.00   3.3390852e+38   0.00016411665
      600.000      5500.00   2.9287962e+38   1.1376889e-07
      600.000      6000.00   2.5821202e+38   7.9278293e-11
      600.000      7000.00   2.0459739e+38   3.9252272e-17
      600.000      8000.00   1.6347189e+38   1.9576164e-23
      600.000      10000.0   1.1666716e+38   5.3425217e-36
      800.000      0.00000   3.8595089e+39   6.7531336e+27
      800.000      50.0000   4.2390407e+39   5.7716715e+27
      800.000      100.000   3.2545383e+39   2.8246397e+27
      800.000      150.000   2.9594441e+39   1.5046217e+27
      800.000      200.000   2.8660179e+39   7.9116524e+26
      800.000      300.000   3.6165565e+39   2.5966652e+26
      800.000      400.000   2.3684876e+39   4.1603354e+25
      800.000      600.000   2.7948981e+39   2.8370600e+24
      800.000      800.000   1.7364072e+39   1.0128066e+23
      800.000      1000.00   2.2224446e+39   7.4431318e+21
      800.000      1500.00   1.5641480e+39   4.1419298e+18
      800.000      2000.00   9.7076416e+38   2.0315782e+15
      800.000      2500.00   7.7732703e+38   1.2859850e+12
      800.000      3000.00   6.4047150e+38   8.3768896e+08
      800.000      3500.00   5.2245786e+38       540197.00
      800.000      4000.00   4.4434723e+38       363.18770
      800.000      5000.00   3.3324094e+38   0.00017018912
      800.000      5500.00   2.9124178e+38   1.1759905e-07
      800.000      6000.00   2.5689606e+38   8.1963459e-11
      800.000      7000.00   2.0552076e+38   4.0975652e-17
      800.000      8000.00   1.6459527e+38   2.0485144e-23
      800.000      10000.0   1.1779804e+38   5.6012036e-36
      1000.00      0.00000   3.1056526e+39   5.6267941e+27
      1000.00      50.0000   3.6544659e+39   5.1671216e+27
      1000.00      100.000   2.7532277e+39   2.4820716e+27
      1000.00      150.000   2.4362821e+39   1.2861752e+27
      1000.00      200.000   2.2821461e+39   6.5376961e+26
      1000.00      300.000   2.3110513e+39   1.7222735e+26
      1000.00      400.000   2.4481883e+39   4.4631061e+25
      1000.00      600.000   1.6790583e+39   1.7685146e+24
      1000.00      800.000   2.1515788e+39   1.3025950e+23
      1000.00      1000.00   1.4064925e+39   4.8887518e+21
      1000.00      1500.00   1.2224287e+39   3.3588394e+18
      1000.00      2000.00   1.5150224e+39   3.2908458e+15
      1000.00      2500.00   7.6244327e+38   1.3090680e+12
      1000.00      3000.00   6.3392382e+38   8.6046903e+08
      1000.00      3500.00   5.4357160e+38       583231.80
      1000.00      4000.00   4.5594936e+38       386.74825
      1000.00      5000.00   3.3456154e+38   0.00017730731
      1000.00      5500.00   2.9204366e+38   1.2235213e-07
      1000.00      6000.00   2.5764064e+38   8.5288306e-11
      1000.00      7000.00   2.0733969e+38   4.2897312e-17
      1000.00      8000.00   1.6596389e+38   2.1434560e-23
      1000.00      10000.0   1.1737100e+38   5.7901341e-36
      1500.00      0.00000   2.3571139e+39   4.6279934e+27
      1500.00      50.0000   2.7270909e+39   4.2125400e+27
      1500.00      100.000   2.3496552e+39   2.3176983e+27
      1500.00      150.000   1.9672663e+39   1.1344203e+27
      1500.00      200.000   1.7923989e+39   5.6048480e+26
      1500.00      300.000   1.6074534e+39   1.3065900e+26
      1500.00      400.000   1.5489923e+39   3.0802288e+25
      1500.00      600.000   1.6954452e+39   1.9484245e+24
      1500.00      800.000   1.2465996e+39   8.2281951e+22
      1500.00      1000.00   1.2521813e+39   4.7485756e+21
      1500.00      1500.00   1.0091828e+39   3.0257495e+18
      1500.00      2000.00   1.2098944e+39   2.8669176e+15
      1500.00      2500.00   7.3339329e+38   1.3737251e+12
      1500.00      3000.00   9.6772810e+38   1.4330112e+09
      1500.00      3500.00   5.4586302e+38       639091.41
      1500.00      4000.00   4.4735483e+38       413.92540
      1500.00      5000.00   3.4836702e+38   0.00020144826
      1500.00      5500.00   3.0426075e+38   1.3907499e-07
      1500.00      6000.00   2.6397106e+38   9.5353518e-11
      1500.00      7000.00   2.1068354e+38   4.7549667e-17
      1500.00      8000.00   1.7296094e+38   2.4363038e-23
      1500.00      10000.0   1.1652421e+38   6.2588636e-36
      2000.00      0.00000   2.2293609e+39   4.7071197e+27
      2000.00      50.0000   2.3101222e+39   3.8719333e+27
      2000.00      100.000   2.3610026e+39   2.5317637e+27
      2000.00      150.000   1.9684789e+39   1.2319554e+27
      2000.00      200.000   1.7671520e+39   5.9883266e+26
      2000.00      300.000   1.5536487e+39   1.3686281e+26
      2000.00      400.000   1.4355463e+39   3.0922809e+25
      2000.00      600.000   1.3727624e+39   1.7086772e+24
      2000.00      800.000   1.3963448e+39   9.9889642e+22
      2000.00      1000.00   1.0880154e+39   4.4693214e+21
      2000.00      1500.00   1.3022051e+39   4.2290388e+18
      2000.00      2000.00   7.9111479e+38   2.0305369e+15
      2000.00      2500.00   8.9731287e+38   1.8210708e+12
      2000.00      3000.00   5.8610525e+38   9.4027779e+08
      2000.00      3500.00   5.2217309e+38       662095.49
      2000.00      4000.00   6.8861083e+38       690.26506
      2000.00      5000.00   3.3571434e+38   0.00021027083
      2000.00      5500.00   2.9654646e+38   1.4681964e-07
      2000.00      6000.00   2.6594010e+38   1.0408431e-10
      2000.00      7000.00   2.1820101e+38   5.3344553e-17
      2000.00      8000.00   1.7911267e+38   2.7320298e-23
      2000.00      10000.0   1.1618409e+38   6.7426914e-36
      3000.00      0.00000   2.2626780e+39   5.4256899e+27
      3000.00      50.0000   2.2087815e+39   4.2812498e+27
      3000.00      100.000   2.1500481e+39   2.6816972e+27
      3000.00      150.000   2.0827796e+39   1.5107090e+27
      3000.00      200.000   1.8748044e+39   7.3475322e+26
      3000.00      300.000   1.6152719e+39   1.6425318e+26
      3000.00      400.000   1.4697057e+39   3.6530845e+25
      3000.00      600.000   1.2728236e+39   1.8286004e+24
      3000.00      800.000   1.1288198e+39   9.3154331e+22
      3000.00      1000.00   1.1567923e+39   5.4839502e+21
      3000.00      1500.00   8.2886854e+38   3.1051664e+18
      3000.00      2000.00   7.2812478e+38   2.1559604e+15
      3000.00      2500.00   6.7444718e+38   1.5793758e+12
      3000.00      3000.00   5.0658568e+38   9.3767393e+08
      3000.00      3500.00   4.6903500e+38       686273.50
      3000.00      4000.00   5.3435183e+38       618.04899
      3000.00      5000.00   3.1942321e+38   0.00023084254
      3000.00      5500.00   3.1984788e+38   1.8270890e-07
      3000.00      6000.00   4.0272256e+38   1.8182854e-10
      3000.00      7000.00   2.1155659e+38   5.9658820e-17
      3000.00      8000.00   1.7329977e+38   3.0465646e-23
      3000.00      10000.0   1.2298674e+38   8.1604211e-36
      4000.00      0.00000   2.3173715e+39   6.1955697e+27
      4000.00      50.0000   2.2421994e+39   4.9297089e+27
      4000.00      100.000   2.0989264e+39   2.9936098e+27
      4000.00      150.000   2.0124042e+39   1.6649149e+27
      4000.00      200.000   1.9280780e+39   8.5912381e+26
      4000.00      300.000   1.6506762e+39   1.9037428e+26
      4000.00      400.000   1.4633236e+39   4.1236936e+25
      4000.00      600.000   1.2245292e+39   1.9935429e+24
      4000.00      800.000   1.0454892e+39   9.7797796e+22
      4000.00      1000.00   9.2913549e+38   4.9923587e+21
      4000.00      1500.00   9.5778584e+38   4.0677207e+18
      4000.00      2000.00   6.3458264e+38   2.1304926e+15
      4000.00      2500.00   5.5354649e+38   1.4690528e+12
      4000.00      3000.00   6.2141915e+38   1.3034982e+09
      4000.00      3500.00   4.1343640e+38       685678.46
      4000.00      4000.00   3.5253309e+38       462.07751
      4000.00      5000.00   3.7146046e+38   0.00030427275
      4000.00      5500.00   3.0657879e+38   1.9846309e-07
      4000.00      6000.00   2.4680982e+38   1.2630538e-10
      4000.00      7000.00   2.0625387e+38   6.5849376e-17
      4000.00      8000.00   2.6452747e+38   5.2579786e-23
      4000.00      10000.0   1.2141151e+38   8.9821144e-36
      4500.00      0.00000   2.2438763e+39   6.3030417e+27
      4500.00      50.0000   2.1626462e+39   5.0342883e+27
      4500.00      100.000   2.0066810e+39   3.0444727e+27
      4500.00      150.000   1.8898721e+39   1.6612069e+27
      4500.00      200.000   1.8183630e+39   8.5992820e+26
      4500.00      300.000   1.5774035e+39   1.9271774e+26
      4500.00      400.000   1.3848814e+39   4.1327496e+25
      4500.00      600.000   1.1497238e+39   1.9816314e+24
      4500.00      800.000   9.7971629e+38   9.7001700e+22
      4500.00      1000.00   8.6499566e+38   4.9207041e+21
      4500.00      1500.00   7.6881550e+38   3.4568888e+18
      4500.00      2000.00   6.0609644e+38   2.1539766e+15
      4500.00      2500.00   5.1301967e+38   1.4413954e+12
      4500.00      3000.00   4.6394577e+38   1.0304550e+09
      4500.00      3500.00   5.3432997e+38       938367.06
      4500.00      4000.00   3.4521091e+38       479.08878
      4500.00      5000.00   2.7774270e+38   0.00024085144
      4500.00      5500.00   2.9468229e+38   2.0197079e-07
      4500.00      6000.00   3.1141919e+38   1.6868676e-10
      4500.00      7000.00   1.9646745e+38   6.6391749e-17
      4500.00      8000.00   1.7044852e+38   3.5792009e-23
      4500.00      10000.0   1.3267474e+38   1.0270682e-35
      5000.00      0.00000   1.7928845e+39   4.4893362e+27
      5000.00      50.0000   1.7425325e+39   3.6527179e+27
      5000.00      100.000   1.6409444e+39   2.2622988e+27
      5000.00      150.000   1.5594116e+39   1.2476716e+27
      5000.00      200.000   1.5158433e+39   6.5251246e+26
      5000.00      300.000   1.3746268e+39   1.5267447e+26
      5000.00      400.000   1.2149877e+39   3.2941068e+25
      5000.00      600.000   1.0201611e+39   1.5975256e+24
      5000.00      800.000   8.8238756e+38   7.9389496e+22
      5000.00      1000.00   7.7843635e+38   4.0224214e+21
      5000.00      1500.00   6.4577835e+38   2.6370293e+18
      5000.00      2000.00   6.0520506e+38   1.9539679e+15
      5000.00      2500.00   4.7901268e+38   1.2224855e+12
      5000.00      3000.00   4.2508949e+38   8.5747349e+08
      5000.00      3500.00   3.9414631e+38       628455.66
      5000.00      4000.00   3.9643799e+38       499.76240
      5000.00      5000.00   2.5655369e+38   0.00020204952
      5000.00      5500.00   2.4130444e+38   1.5018469e-07
      5000.00      6000.00   2.4711453e+38   1.2153904e-10
      5000.00      7000.00   2.0935703e+38   6.4199913e-17
      5000.00      8000.00   1.5612403e+38   2.9684058e-23
      5000.00      10000.0   1.8762433e+38   1.2991083e-35
      6000.00      0.00000   1.0978104e+39   2.1946003e+27
      6000.00      50.0000   1.0864741e+39   1.8482705e+27
      6000.00      100.000   1.0518200e+39   1.1963863e+27
      6000.00      150.000   1.0166830e+39   6.7407684e+26
      6000.00      200.000   9.9209604e+38   3.5361695e+26
      6000.00      300.000   9.6274059e+38   8.8375407e+25
      6000.00      400.000   8.6881467e+38   1.9445158e+25
      6000.00      600.000   7.4143080e+38   9.5818982e+23
      6000.00      800.000   6.5517533e+38   4.8641472e+22
      6000.00      1000.00   5.7701126e+38   2.4590196e+21
      6000.00      1500.00   4.8568324e+38   1.6365175e+18
      6000.00      2000.00   4.8377638e+38   1.2884581e+15
      6000.00      2500.00   4.1543143e+38   8.7477688e+11
      6000.00      3000.00   3.6443183e+38   6.0641737e+08
      6000.00      3500.00   3.2982300e+38       433900.22
      6000.00      4000.00   2.9727238e+38       309.08955
      6000.00      5000.00   2.5436427e+38   0.00016517004
      6000.00      5500.00   2.1600542e+38   1.1080115e-07
      6000.00      6000.00   1.9664542e+38   7.9621536e-11
      6000.00      7000.00   1.8610533e+38   4.6855369e-17
      6000.00      8000.00   1.9898278e+38   3.0860836e-23
      6000.00      10000.0   1.1216306e+38   6.1188261e-36
      8000.00      0.00000   4.4413347e+38   5.7372933e+26
      8000.00      50.0000   4.4980310e+38   5.0479526e+26
      8000.00      100.000   4.5571925e+38   3.5095945e+26
      8000.00      150.000   4.6259594e+38   2.0982758e+26
      8000.00      200.000   4.6841107e+38   1.1444390e+26
      8000.00      300.000   4.7539217e+38   2.9842800e+25
      8000.00      400.000   4.8365567e+38   7.3848135e+24
      8000.00      600.000   3.9878439e+38   3.5056480e+23
      8000.00      800.000   3.4480004e+38   1.7401691e+22
      8000.00      1000.00   2.9979914e+38   8.6872099e+20
      8000.00      1500.00   2.6391919e+38   6.0432011e+17
      8000.00      2000.00   2.4577308e+38   4.4487801e+14
      8000.00      2500.00   2.4540180e+38   3.5095219e+11
      8000.00      3000.00   3.0233790e+38   3.4154881e+08
      8000.00      3500.00   2.2739705e+38       202859.51
      8000.00      4000.00   2.1067681e+38       148.36490
      8000.00      5000.00   1.7153055e+38   7.5095130e-05
      8000.00      5500.00   1.6587345e+38   5.7118428e-08
      8000.00      6000.00   1.9839205e+38   5.3648493e-11
      8000.00      7000.00   1.4185663e+38   2.3412943e-17
      8000.00      8000.00   1.3093975e+38   1.2895653e-23
      8000.00      10000.0   1.2734224e+38   3.8987060e-36
      10000.0      0.00000   1.9556668e+38   1.6275748e+26
      10000.0      50.0000   1.9991855e+38   1.4590037e+26
      10000.0      100.000   2.0835599e+38   1.0609875e+26
      10000.0      150.000   2.1965270e+38   6.6549480e+25
      10000.0      200.000   2.3217602e+38   3.8067541e+25
      10000.0      300.000   2.4753964e+38   1.0451156e+25
      10000.0      400.000   2.6305961e+38   2.6970094e+24
      10000.0      600.000   2.7315726e+38   1.6064125e+23
      10000.0      800.000   2.2065324e+38   7.4289954e+21
      10000.0      1000.00   1.8098753e+38   3.4944419e+20
      10000.0      1500.00   1.2031258e+38   1.8316752e+17
      10000.0      2000.00   1.3775478e+38   1.6534354e+14
      10000.0      2500.00   1.4564595e+38   1.3766736e+11
      10000.0      3000.00   1.4426680e+38   1.0722050e+08
      10000.0      3500.00   1.7845282e+38       104127.94
      10000.0      4000.00   1.5576075e+38       71.178594
      10000.0      5000.00   1.3009525e+38   3.6144498e-05
      10000.0      5500.00   1.1674681e+38   2.5127693e-08
      10000.0      6000.00   1.0459184e+38   1.7335665e-11
      10000.0      7000.00   1.0290038e+38   9.8874658e-18
      10000.0      8000.00   1.1474437e+38   6.1246692e-24
      10000.0      10000.0   8.3894983e+37   1.1349446e-36
      12000.0      0.00000   9.1769426e+37   4.3785796e+25
      12000.0      50.0000   9.4155409e+37   3.9579701e+25
      12000.0      100.000   1.0098359e+38   2.9878939e+25
      12000.0      150.000   1.1080972e+38   1.9660363e+25
      12000.0      200.000   1.2143978e+38   1.1725588e+25
      12000.0      300.000   1.3644265e+38   3.4103652e+24
      12000.0      400.000   1.4558432e+38   8.8526238e+23
      12000.0      600.000   1.9084044e+38   6.6477330e+22
      12000.0      800.000   1.6481482e+38   3.2764304e+21
      12000.0      1000.00   1.3316071e+38   1.5116121e+20
      12000.0      1500.00   6.0321775e+37   5.3495254e+16
      12000.0      2000.00   5.6661291e+37   3.9186362e+13
      12000.0      2500.00   7.4183669e+37   3.9931272e+10
      12000.0      3000.00   9.4062383e+37       39236682.
      12000.0      3500.00   9.6164689e+37       30946.829
      12000.0      4000.00   1.0385504e+38       25.628623
      12000.0      5000.00   9.3080689e+37   1.3222840e-05
      12000.0      5500.00   8.9071076e+37   9.4769164e-09
      12000.0      6000.00   8.5835703e+37   6.7712166e-12
      12000.0      7000.00   6.6282967e+37   2.7682528e-18
      12000.0      8000.00   6.2006974e+37   1.2892601e-24
      12000.0      10000.0   7.0482327e+37   2.8485183e-37
      15000.0      0.00000   3.4929855e+37   3.3350385e+24
      15000.0      50.0000   3.5512375e+37   2.9939281e+24
      15000.0      100.000   3.9378503e+37   2.3494523e+24
      15000.0      150.000   4.6099486e+37   1.6602650e+24
      15000.0      200.000   5.3942245e+37   1.0638390e+24
      15000.0      300.000   6.3534833e+37   3.2804570e+23
      15000.0      400.000   6.7069738e+37   8.4994607e+22
      15000.0      600.000   9.5000542e+37   7.0056866e+21
      15000.0      800.000   1.2961286e+38   5.5377891e+20
      15000.0      1000.00   1.0374829e+38   2.5704016e+19
      15000.0      1500.00   3.8693521e+37   7.8498305e+15
      15000.0      2000.00   1.6713511e+37   2.8503721e+12
      15000.0      2500.00   1.8590448e+37   2.7800971e+09
      15000.0      3000.00   2.6692845e+37       3702856.1
      15000.0      3500.00   4.0262041e+37       5527.1175
      15000.0      4000.00   5.6772753e+37       8.2055036
      15000.0      5000.00   6.3740200e+37   1.1634766e-05
      15000.0      5500.00   8.2283734e+37   1.7437128e-08
      15000.0      6000.00   5.9738965e+37   1.4750880e-11
      15000.0      7000.00   4.8713763e+37   1.5966225e-17
      15000.0      8000.00   4.0182023e+37   1.6405601e-23
      15000.0      10000.0   3.7423806e+37   1.7979978e-35
      18000.0      0.00000   1.8621234e+37   7.0207097e+22
      18000.0      50.0000   1.7690021e+37   5.8920639e+22
      18000.0      100.000   1.8952230e+37   4.4713633e+22
      18000.0      150.000   2.3560078e+37   3.3617853e+22
      18000.0      200.000   2.8909794e+37   2.2653540e+22
      18000.0      300.000   3.7055424e+37   7.6649112e+21
      18000.0      400.000   3.6963311e+37   1.9017394e+21
      18000.0      600.000   5.5308352e+37   1.7325071e+20
      18000.0      800.000   8.6335428e+37   1.7099758e+19
      18000.0      1000.00   9.5158431e+37   1.2807276e+18
      18000.0      1500.00   4.5374635e+37   1.1516278e+15
      18000.0      2000.00   1.0248765e+37   8.2592142e+11
      18000.0      2500.00   5.0152106e+36   1.5311410e+09
      18000.0      3000.00   6.5196328e+36       7727586.7
      18000.0      3500.00   1.0277591e+37       46837.794
      18000.0      4000.00   1.6294300e+37       280.45167
      18000.0      5000.00   3.9383102e+37    0.0091223425
      18000.0      5500.00   4.3327515e+37   3.5688262e-05
      18000.0      6000.00   4.7080721e+37   1.3495155e-07
      18000.0      7000.00   4.2861251e+37   1.3878583e-12
      18000.0      8000.00   3.2862703e+37   1.0893979e-17
      18000.0      10000.0   2.1941963e+37   5.4926094e-28
      24000.0      0.00000   8.2308298e+36   1.0190705e+17
      24000.0      50.0000   7.4675465e+36   8.1642482e+16
      24000.0      100.000   7.1130264e+36   5.5053531e+16
      24000.0      150.000   7.6481385e+36   3.5754081e+16
      24000.0      200.000   9.0321673e+36   2.3173464e+16
      24000.0      300.000   1.2683325e+37   8.6119264e+15
      24000.0      400.000   1.4073490e+37   2.4126649e+15
      24000.0      600.000   1.6143332e+37   1.8839711e+14
      24000.0      800.000   3.3543053e+37   3.4994803e+13
      24000.0      1000.00   6.1957979e+37   8.4783983e+12
      24000.0      1500.00   4.1181600e+37   8.2904458e+10
      24000.0      2000.00   1.8332810e+37   6.5630825e+08
      24000.0      2500.00   3.7094877e+36       2320888.7
      24000.0      3000.00   8.9132475e+35       9476.4841
      24000.0      3500.00   5.3342515e+35       93.696153
      24000.0      4000.00   8.1729392e+35       2.3055874
      24000.0      5000.00   2.8333490e+36    0.0018900397
      24000.0      5500.00   4.9316778e+36   4.8388816e-05
      24000.0      6000.00   8.2856369e+36   1.1609210e-06
      24000.0      7000.00   2.3408540e+37   6.0983448e-10
      24000.0      8000.00   2.5340917e+37   1.0829172e-13
      24000.0      10000.0   2.1832643e+37   1.6914240e-21
