face-on central tau B
      3.78000
sfr
     0.950000
old
     0.350000
bd
      2.00000
      tau1
      3.17000
   hd [pc]
      5200.00
   zd [pc]
      140.000
 hdin [pc]
      4500.00
 zdin [pc]
      140.000
   hdsolar [pc]
      8000.00
   zdsolar [pc]
      140.000
      tau2
     0.610000
  hd1 [pc]
      3200.00
  zd1 [pc]
      50.0000
hd1in [pc]
      4500.00
zd1in [pc]
      67.0000
  hd1solar [pc]
      8000.00
  zd1solar [pc]
      90.0000
   hs [pc]
      2200.00
   zs [pc]
      140.000
 hsin [pc]
      4500.00
 zsin [pc]
      170.000
   hssolar [pc]
      8000.00
   zssolar [pc]
      300.000
 rtruncate [pc]
      14000.0
  hs1 [pc]
      3200.00
  zs1 [pc]
      50.0000
hs1in [pc]
      4500.00
zs1in [pc]
      67.0000
  hs1solar [pc]
      8000.00
  zs1solar [pc]
      90.0000
rtruncate1 [pc]
      14000.0
   ifinns2
           3
   ifinns1
           3
   ifinnd1
           3
   ifinnd2
           3
    idisk1
           3
    idisk2
           3
nposition in r
          23
nposition in z
          22
          
    r(pc)      z(pc)   urad(erg/pc3/A)        eabs(erg/s/pc3/A)
      0.00000      0.00000   6.9420149e+39   1.0377251e+28
      0.00000      50.0000   3.8514129e+39   4.4450637e+27
      0.00000      100.000   1.9230653e+39   1.4131407e+27
      0.00000      150.000   1.2222971e+39   5.2711446e+26
      0.00000      200.000   8.8292358e+38   2.0681410e+26
      0.00000      300.000   5.5734348e+38   3.3986693e+25
      0.00000      400.000   4.0756380e+38   6.0784198e+24
      0.00000      600.000   2.7297040e+38   2.3531940e+23
      0.00000      800.000   2.1513140e+38   1.0653530e+22
      0.00000      1000.00   1.8674947e+38   5.3119257e+20
      0.00000      1500.00   1.4941623e+38   3.3595641e+17
      0.00000      2000.00   1.2332925e+38   2.1922435e+14
      0.00000      2500.00   1.0527142e+38   1.4786532e+11
      0.00000      3000.00   9.0832912e+37   1.0085350e+08
      0.00000      3500.00   7.8885964e+37       69253.729
      0.00000      4000.00   6.8393536e+37       47.463056
      0.00000      5000.00   5.2966497e+37   2.2965411e-05
      0.00000      5500.00   4.7069851e+37   1.6132567e-08
      0.00000      6000.00   4.1775272e+37   1.1315488e-11
      0.00000      7000.00   3.2682873e+37   5.5335335e-18
      0.00000      8000.00   2.6230043e+37   2.7716922e-24
      0.00000      10000.0   1.7837266e+37   7.2091592e-37
      50.0000      0.00000   5.1453182e+39   7.7757208e+27
      50.0000      50.0000   3.1642362e+39   3.6920363e+27
      50.0000      100.000   1.8836424e+39   1.4000142e+27
      50.0000      150.000   1.2544489e+39   5.4697087e+26
      50.0000      200.000   9.1017386e+38   2.1559051e+26
      50.0000      300.000   5.7001423e+38   3.5132504e+25
      50.0000      400.000   4.1018741e+38   6.1863191e+24
      50.0000      600.000   2.7275721e+38   2.3769486e+23
      50.0000      800.000   2.1454962e+38   1.0743862e+22
      50.0000      1000.00   1.8625096e+38   5.3549772e+20
      50.0000      1500.00   1.4906244e+38   3.3882306e+17
      50.0000      2000.00   1.2304560e+38   2.2114102e+14
      50.0000      2500.00   1.0494730e+38   1.4905789e+11
      50.0000      3000.00   9.0637022e+37   1.0174859e+08
      50.0000      3500.00   7.8696040e+37       69853.913
      50.0000      4000.00   6.8284592e+37       47.914645
      50.0000      5000.00   5.2884245e+37   2.3187324e-05
      50.0000      5500.00   4.7033313e+37   1.6302782e-08
      50.0000      6000.00   4.1770863e+37   1.1446118e-11
      50.0000      7000.00   3.2715634e+37   5.5989176e-18
      50.0000      8000.00   2.6254468e+37   2.8052547e-24
      50.0000      10000.0   1.7914603e+37   7.3185685e-37
      100.000      0.00000   2.6521635e+39   4.0510846e+27
      100.000      50.0000   2.1055364e+39   2.4846269e+27
      100.000      100.000   1.5427538e+39   1.1590318e+27
      100.000      150.000   1.1554844e+39   5.0938934e+26
      100.000      200.000   8.8957409e+38   2.1306641e+26
      100.000      300.000   5.8768642e+38   3.6630088e+25
      100.000      400.000   4.3171027e+38   6.5807618e+24
      100.000      600.000   2.7699394e+38   2.4402344e+23
      100.000      800.000   2.1543375e+38   1.0903995e+22
      100.000      1000.00   1.8622727e+38   5.4138711e+20
      100.000      1500.00   1.4878021e+38   3.4189126e+17
      100.000      2000.00   1.2282818e+38   2.2312061e+14
      100.000      2500.00   1.0458550e+38   1.5019456e+11
      100.000      3000.00   9.0352686e+37   1.0254830e+08
      100.000      3500.00   7.8490381e+37       70430.555
      100.000      4000.00   6.8138163e+37       48.331739
      100.000      5000.00   5.2793199e+37   2.3404560e-05
      100.000      5500.00   4.6987426e+37   1.6461391e-08
      100.000      6000.00   4.1745039e+37   1.1559750e-11
      100.000      7000.00   3.2740278e+37   5.6650339e-18
      100.000      8000.00   2.6278000e+37   2.8387628e-24
      100.000      10000.0   1.7996398e+37   7.4346329e-37
      150.000      0.00000   1.6941930e+39   2.6147347e+27
      150.000      50.0000   1.4679746e+39   1.7509131e+27
      150.000      100.000   1.1909268e+39   9.0469945e+26
      150.000      150.000   9.8227945e+38   4.3774963e+26
      150.000      200.000   8.0296021e+38   1.9443275e+26
      150.000      300.000   5.7312391e+38   3.6108145e+25
      150.000      400.000   4.3699090e+38   6.7340404e+24
      150.000      600.000   2.9045971e+38   2.5863263e+23
      150.000      800.000   2.1918945e+38   1.1217028e+22
      150.000      1000.00   1.8738305e+38   5.5078114e+20
      150.000      1500.00   1.4863239e+38   3.4537898e+17
      150.000      2000.00   1.2264997e+38   2.2522292e+14
      150.000      2500.00   1.0431419e+38   1.5142551e+11
      150.000      3000.00   9.0085891e+37   1.0336664e+08
      150.000      3500.00   7.8271523e+37       70999.260
      150.000      4000.00   6.7999554e+37       48.765071
      150.000      5000.00   5.2693176e+37   2.3611483e-05
      150.000      5500.00   4.6930405e+37   1.6623538e-08
      150.000      6000.00   4.1698686e+37   1.1675253e-11
      150.000      7000.00   3.2754959e+37   5.7301684e-18
      150.000      8000.00   2.6299106e+37   2.8719507e-24
      150.000      10000.0   1.8091789e+37   7.5540131e-37
      200.000      0.00000   1.2223970e+39   1.9069402e+27
      200.000      50.0000   1.1016225e+39   1.3281922e+27
      200.000      100.000   9.5295139e+38   7.3182449e+26
      200.000      150.000   8.1715189e+38   3.6810644e+26
      200.000      200.000   7.0439041e+38   1.7232636e+26
      200.000      300.000   5.4768972e+38   3.4874051e+25
      200.000      400.000   4.3205905e+38   6.7299104e+24
      200.000      600.000   2.9561452e+38   2.6613509e+23
      200.000      800.000   2.2743778e+38   1.1764323e+22
      200.000      1000.00   1.9040224e+38   5.6556982e+20
      200.000      1500.00   1.4884257e+38   3.4948325e+17
      200.000      2000.00   1.2255338e+38   2.2747721e+14
      200.000      2500.00   1.0399557e+38   1.5260569e+11
      200.000      3000.00   8.9942944e+37   1.0431495e+08
      200.000      3500.00   7.8059036e+37       71570.833
      200.000      4000.00   6.7884470e+37       49.199265
      200.000      5000.00   5.2607611e+37   2.3826381e-05
      200.000      5500.00   4.6871463e+37   1.6780561e-08
      200.000      6000.00   4.1638248e+37   1.1783422e-11
      200.000      7000.00   3.2773122e+37   5.7948375e-18
      200.000      8000.00   2.6325431e+37   2.9048500e-24
      200.000      10000.0   1.8182861e+37   7.6722788e-37
      300.000      0.00000   7.9137764e+38   1.2602706e+27
      300.000      50.0000   7.1921495e+38   8.8579741e+26
      300.000      100.000   6.8604955e+38   5.3820258e+26
      300.000      150.000   5.9739433e+38   2.7488103e+26
      300.000      200.000   5.5368261e+38   1.3834523e+26
      300.000      300.000   4.4801423e+38   2.9136515e+25
      300.000      400.000   3.9934186e+38   6.3527429e+24
      300.000      600.000   3.0709468e+38   2.8233392e+23
      300.000      800.000   2.2900891e+38   1.2093478e+22
      300.000      1000.00   2.0003127e+38   6.0679343e+20
      300.000      1500.00   1.5078726e+38   3.6166246e+17
      300.000      2000.00   1.2290265e+38   2.3300154e+14
      300.000      2500.00   1.0357784e+38   1.5519819e+11
      300.000      3000.00   8.9618681e+37   1.0618696e+08
      300.000      3500.00   7.7672087e+37       72734.124
      300.000      4000.00   6.7672512e+37       50.092592
      300.000      5000.00   5.2440244e+37   2.4256223e-05
      300.000      5500.00   4.6740747e+37   1.7086301e-08
      300.000      6000.00   4.1499634e+37   1.1995184e-11
      300.000      7000.00   3.2817754e+37   5.9260578e-18
      300.000      8000.00   2.6374896e+37   2.9734426e-24
      300.000      10000.0   1.8361501e+37   7.9151357e-37
      400.000      0.00000   6.0028638e+38   9.7498911e+26
      400.000      50.0000   5.5568057e+38   6.9873416e+26
      400.000      100.000   5.1339890e+38   4.1123252e+26
      400.000      150.000   5.1343767e+38   2.4113892e+26
      400.000      200.000   4.3973267e+38   1.1217095e+26
      400.000      300.000   4.1137376e+38   2.7300998e+25
      400.000      400.000   3.3533420e+38   5.4453904e+24
      400.000      600.000   2.7791807e+38   2.6076348e+23
      400.000      800.000   2.5290035e+38   1.3637620e+22
      400.000      1000.00   1.9792345e+38   6.1291654e+20
      400.000      1500.00   1.5526040e+38   3.8002644e+17
      400.000      2000.00   1.2404068e+38   2.4001657e+14
      400.000      2500.00   1.0346234e+38   1.5824061e+11
      400.000      3000.00   8.9434712e+37   1.0815120e+08
      400.000      3500.00   7.7315236e+37       73898.874
      400.000      4000.00   6.7506984e+37       51.006947
      400.000      5000.00   5.2363312e+37   2.4726030e-05
      400.000      5500.00   4.6571181e+37   1.7383766e-08
      400.000      6000.00   4.1350095e+37   1.2197545e-11
      400.000      7000.00   3.2849950e+37   6.0552390e-18
      400.000      8000.00   2.6419032e+37   3.0398506e-24
      400.000      10000.0   1.8560948e+37   8.1647888e-37
      600.000      0.00000   4.3268490e+38   7.3008829e+26
      600.000      50.0000   4.2548471e+38   5.5721076e+26
      600.000      100.000   3.7474902e+38   3.1264782e+26
      600.000      150.000   3.5677817e+38   1.7452360e+26
      600.000      200.000   3.7711290e+38   1.0012583e+26
      600.000      300.000   3.0275126e+38   2.0914711e+25
      600.000      400.000   2.8641759e+38   4.8424089e+24
      600.000      600.000   2.3544064e+38   2.2999911e+23
      600.000      800.000   2.4283171e+38   1.3632375e+22
      600.000      1000.00   1.9300965e+38   6.2221007e+20
      600.000      1500.00   1.5491025e+38   3.9462214e+17
      600.000      2000.00   1.2780405e+38   2.5751148e+14
      600.000      2500.00   1.0463520e+38   1.6665632e+11
      600.000      3000.00   8.9432584e+37   1.1257854e+08
      600.000      3500.00   7.6903975e+37       76516.639
      600.000      4000.00   6.7294730e+37       52.930579
      600.000      5000.00   5.2178724e+37   2.5645488e-05
      600.000      5500.00   4.6231254e+37   1.7957774e-08
      600.000      6000.00   4.1088265e+37   1.2615072e-11
      600.000      7000.00   3.2919224e+37   6.3156673e-18
      600.000      8000.00   2.6498959e+37   3.1734454e-24
      600.000      10000.0   1.8884880e+37   8.6478866e-37
      800.000      0.00000   3.6279393e+38   6.3481082e+26
      800.000      50.0000   3.7944722e+38   5.1665156e+26
      800.000      100.000   3.2575112e+38   2.8272200e+26
      800.000      150.000   3.0318804e+38   1.5413323e+26
      800.000      200.000   2.9034602e+38   8.0149997e+25
      800.000      300.000   3.1359388e+38   2.2513295e+25
      800.000      400.000   2.4428564e+38   4.2908832e+24
      800.000      600.000   2.5266339e+38   2.5646935e+23
      800.000      800.000   1.9357917e+38   1.1290678e+22
      800.000      1000.00   2.1165718e+38   7.0888738e+20
      800.000      1500.00   1.6777136e+38   4.4426899e+17
      800.000      2000.00   1.2657689e+38   2.6487964e+14
      800.000      2500.00   1.0556572e+38   1.7464199e+11
      800.000      3000.00   9.0228791e+37   1.1801212e+08
      800.000      3500.00   7.7054182e+37       79668.652
      800.000      4000.00   6.7270577e+37       54.984014
      800.000      5000.00   5.1956854e+37   2.6534953e-05
      800.000      5500.00   4.5940438e+37   1.8549862e-08
      800.000      6000.00   4.0915019e+37   1.3054211e-11
      800.000      7000.00   3.3052861e+37   6.5900186e-18
      800.000      8000.00   2.6643203e+37   3.3158942e-24
      800.000      10000.0   1.9041610e+37   9.0539701e-37
      1000.00      0.00000   3.2992531e+38   5.9775369e+26
      1000.00      50.0000   3.5470876e+38   5.0146789e+26
      1000.00      100.000   3.0484637e+38   2.7484119e+26
      1000.00      150.000   2.8093121e+38   1.4832546e+26
      1000.00      200.000   2.6492033e+38   7.5893877e+25
      1000.00      300.000   2.5272722e+38   1.8837196e+25
      1000.00      400.000   2.5013263e+38   4.5597128e+24
      1000.00      600.000   2.0013210e+38   2.1078459e+23
      1000.00      800.000   2.1453242e+38   1.2989768e+22
      1000.00      1000.00   1.7250661e+38   5.9961895e+20
      1000.00      1500.00   1.5100796e+38   4.1499113e+17
      1000.00      2000.00   1.5263982e+38   3.3154965e+14
      1000.00      2500.00   1.0444828e+38   1.7930800e+11
      1000.00      3000.00   8.9229847e+37   1.2112127e+08
      1000.00      3500.00   7.7671719e+37       83337.639
      1000.00      4000.00   6.7495677e+37       57.252219
      1000.00      5000.00   5.1781780e+37   2.7441146e-05
      1000.00      5500.00   4.5796229e+37   1.9186731e-08
      1000.00      6000.00   4.0819543e+37   1.3513018e-11
      1000.00      7000.00   3.3190567e+37   6.8667231e-18
      1000.00      8000.00   2.6827409e+37   3.4647989e-24
      1000.00      10000.0   1.9004143e+37   9.3750870e-37
      1500.00      0.00000   3.0299467e+38   5.9492289e+26
      1500.00      50.0000   3.1888801e+38   4.9258292e+26
      1500.00      100.000   2.9386428e+38   2.8987240e+26
      1500.00      150.000   2.6623299e+38   1.5352241e+26
      1500.00      200.000   2.4853557e+38   7.7721646e+25
      1500.00      300.000   2.2496867e+38   1.8285020e+25
      1500.00      400.000   2.1200613e+38   4.2161675e+24
      1500.00      600.000   2.0497568e+38   2.3556115e+23
      1500.00      800.000   1.7311923e+38   1.1425563e+22
      1500.00      1000.00   1.6596231e+38   6.2936697e+20
      1500.00      1500.00   1.4012875e+38   4.2018104e+17
      1500.00      2000.00   1.3713363e+38   3.2491853e+14
      1500.00      2500.00   1.0207815e+38   1.9119439e+11
      1500.00      3000.00   1.0394193e+38   1.5394051e+08
      1500.00      3500.00   7.6737715e+37       89852.989
      1500.00      4000.00   6.6061144e+37       61.124361
      1500.00      5000.00   5.1792458e+37   2.9949591e-05
      1500.00      5500.00   4.5974516e+37   2.1015120e-08
      1500.00      6000.00   4.0695358e+37   1.4698879e-11
      1500.00      7000.00   3.3177811e+37   7.4880006e-18
      1500.00      8000.00   2.7553874e+37   3.8813837e-24
      1500.00      10000.0   1.8912567e+37   1.0159349e-36
      2000.00      0.00000   3.0593922e+38   6.4594705e+26
      2000.00      50.0000   3.0755680e+38   5.1549343e+26
      2000.00      100.000   3.0292259e+38   3.2483323e+26
      2000.00      150.000   2.7419757e+38   1.7158890e+26
      2000.00      200.000   2.5468871e+38   8.6297362e+25
      2000.00      300.000   2.2855474e+38   2.0135933e+25
      2000.00      400.000   2.1203042e+38   4.5672360e+24
      2000.00      600.000   1.9352612e+38   2.4088773e+23
      2000.00      800.000   1.8254434e+38   1.3059148e+22
      2000.00      1000.00   1.5877202e+38   6.5222811e+20
      2000.00      1500.00   1.5330143e+38   4.9787978e+17
      2000.00      2000.00   1.1590202e+38   2.9747712e+14
      2000.00      2500.00   1.0899106e+38   2.2120551e+11
      2000.00      3000.00   8.4368849e+37   1.3536505e+08
      2000.00      3500.00   7.4324527e+37       94239.449
      2000.00      4000.00   7.6522627e+37       76.705721
      2000.00      5000.00   5.0614420e+37   3.1700045e-05
      2000.00      5500.00   4.5181463e+37   2.2368794e-08
      2000.00      6000.00   4.0524538e+37   1.5859431e-11
      2000.00      7000.00   3.3350815e+37   8.1538370e-18
      2000.00      8000.00   2.7899561e+37   4.2555719e-24
      2000.00      10000.0   1.8838992e+37   1.0933303e-36
      3000.00      0.00000   3.2365973e+38   7.7610091e+26
      3000.00      50.0000   3.1845106e+38   6.1726338e+26
      3000.00      100.000   3.0799268e+38   3.8413908e+26
      3000.00      150.000   2.9425909e+38   2.1344029e+26
      3000.00      200.000   2.7335474e+38   1.0712159e+26
      3000.00      300.000   2.4255804e+38   2.4666043e+25
      3000.00      400.000   2.2286041e+38   5.5393578e+24
      3000.00      600.000   1.9464452e+38   2.7965811e+23
      3000.00      800.000   1.7213739e+38   1.4206467e+22
      3000.00      1000.00   1.6169887e+38   7.6663933e+20
      3000.00      1500.00   1.2689567e+38   4.7537438e+17
      3000.00      2000.00   1.0922527e+38   3.2339218e+14
      3000.00      2500.00   9.6161038e+37   2.2520001e+11
      3000.00      3000.00   7.8277186e+37   1.4487843e+08
      3000.00      3500.00   6.8982461e+37       100933.69
      3000.00      4000.00   6.6891036e+37       77.372284
      3000.00      5000.00   4.8398682e+37   3.4978004e-05
      3000.00      5500.00   4.5306705e+37   2.5880819e-08
      3000.00      6000.00   4.6416048e+37   2.0956332e-11
      3000.00      7000.00   3.2076077e+37   9.0447038e-18
      3000.00      8000.00   2.7057276e+37   4.7566159e-24
      3000.00      10000.0   1.9239194e+37   1.2765321e-36
      4000.00      0.00000   3.3565200e+38   8.9737615e+26
      4000.00      50.0000   3.2923404e+38   7.2383855e+26
      4000.00      100.000   3.1457050e+38   4.4866618e+26
      4000.00      150.000   2.9949785e+38   2.4780310e+26
      4000.00      200.000   2.8365669e+38   1.2639161e+26
      4000.00      300.000   2.4890125e+38   2.8706320e+25
      4000.00      400.000   2.2412953e+38   6.3161394e+24
      4000.00      600.000   1.9044276e+38   3.1003979e+23
      4000.00      800.000   1.6430980e+38   1.5368324e+22
      4000.00      1000.00   1.4545984e+38   7.8163948e+20
      4000.00      1500.00   1.2675564e+38   5.3835910e+17
      4000.00      2000.00   9.9320049e+37   3.3346169e+14
      4000.00      2500.00   8.6276850e+37   2.2896719e+11
      4000.00      3000.00   8.1271482e+37   1.7045924e+08
      4000.00      3500.00   6.3689211e+37       105631.72
      4000.00      4000.00   5.5501947e+37       72.747593
      4000.00      5000.00   4.8706204e+37   3.9896688e-05
      4000.00      5500.00   4.2961858e+37   2.7811948e-08
      4000.00      6000.00   3.7901115e+37   1.9397062e-11
      4000.00      7000.00   3.1508817e+37   1.0058871e-17
      4000.00      8000.00   3.0872007e+37   6.1363211e-24
      4000.00      10000.0   1.9277601e+37   1.4260846e-36
      4500.00      0.00000   3.2728851e+38   9.1935509e+26
      4500.00      50.0000   3.2025596e+38   7.4552259e+26
      4500.00      100.000   3.0501126e+38   4.6277320e+26
      4500.00      150.000   2.8863955e+38   2.5370162e+26
      4500.00      200.000   2.7331115e+38   1.2924625e+26
      4500.00      300.000   2.3965968e+38   2.9279974e+25
      4500.00      400.000   2.1396511e+38   6.3850768e+24
      4500.00      600.000   1.8056537e+38   3.1118492e+23
      4500.00      800.000   1.5566260e+38   1.5411003e+22
      4500.00      1000.00   1.3728040e+38   7.8093203e+20
      4500.00      1500.00   1.1302699e+38   5.0820699e+17
      4500.00      2000.00   9.4200563e+37   3.3477202e+14
      4500.00      2500.00   8.1363268e+37   2.2860641e+11
      4500.00      3000.00   7.1937223e+37   1.5978321e+08
      4500.00      3500.00   6.8356252e+37       120050.35
      4500.00      4000.00   5.3857030e+37       74.741698
      4500.00      5000.00   4.3213610e+37   3.7473965e-05
      4500.00      5500.00   4.1474967e+37   2.8426964e-08
      4500.00      6000.00   4.0377590e+37   2.1873951e-11
      4500.00      7000.00   3.0775481e+37   1.0399572e-17
      4500.00      8000.00   2.5941186e+37   5.4472626e-24
      4500.00      10000.0   1.9701774e+37   1.5251178e-36
      5000.00      0.00000   2.7307526e+38   6.8378082e+26
      5000.00      50.0000   2.6829393e+38   5.6240710e+26
      5000.00      100.000   2.5809950e+38   3.5582890e+26
      5000.00      150.000   2.4669932e+38   1.9738956e+26
      5000.00      200.000   2.3586101e+38   1.0153825e+26
      5000.00      300.000   2.1160990e+38   2.3502240e+25
      5000.00      400.000   1.9035960e+38   5.1607825e+24
      5000.00      600.000   1.6267055e+38   2.5474156e+23
      5000.00      800.000   1.4192558e+38   1.2769762e+22
      5000.00      1000.00   1.2540903e+38   6.4804688e+20
      5000.00      1500.00   1.0147010e+38   4.1432940e+17
      5000.00      2000.00   8.9847863e+37   2.9008923e+14
      5000.00      2500.00   7.6277339e+37   1.9467780e+11
      5000.00      3000.00   6.7618915e+37   1.3639311e+08
      5000.00      3500.00   5.9973963e+37       95619.247
      5000.00      4000.00   5.4733813e+37       68.998518
      5000.00      5000.00   4.0996012e+37   3.2286638e-05
      5000.00      5500.00   3.7823161e+37   2.3542014e-08
      5000.00      6000.00   3.6263600e+37   1.7836411e-11
      5000.00      7000.00   3.0878426e+37   9.4684996e-18
      5000.00      8000.00   2.4853731e+37   4.7253034e-24
      5000.00      10000.0   2.2105515e+37   1.5307164e-36
      6000.00      0.00000   1.7951130e+38   3.5885300e+26
      6000.00      50.0000   1.7787955e+38   3.0261224e+26
      6000.00      100.000   1.7443005e+38   1.9838427e+26
      6000.00      150.000   1.6993147e+38   1.1266957e+26
      6000.00      200.000   1.6476018e+38   5.8725520e+25
      6000.00      300.000   1.5298561e+38   1.4043045e+25
      6000.00      400.000   1.3935763e+38   3.1188515e+24
      6000.00      600.000   1.2186526e+38   1.5750179e+23
      6000.00      800.000   1.0859019e+38   8.0625058e+21
      6000.00      1000.00   9.6412656e+37   4.1085309e+20
      6000.00      1500.00   7.9695317e+37   2.6853063e+17
      6000.00      2000.00   7.3196324e+37   1.9494343e+14
      6000.00      2500.00   6.4842110e+37   1.3654504e+11
      6000.00      3000.00   5.8742342e+37       97743333.
      6000.00      3500.00   5.3170189e+37       69948.933
      6000.00      4000.00   4.7154426e+37       49.028272
      6000.00      5000.00   3.8421038e+37   2.4947937e-05
      6000.00      5500.00   3.4431646e+37   1.7661064e-08
      6000.00      6000.00   3.1671802e+37   1.2823284e-11
      6000.00      7000.00   2.8537487e+37   7.1849306e-18
      6000.00      8000.00   2.6392492e+37   4.0931424e-24
      6000.00      10000.0   1.7882320e+37   9.7564068e-37
      8000.00      0.00000   7.8284525e+37   1.0112524e+26
      8000.00      50.0000   7.8501495e+37   8.8099433e+25
      8000.00      100.000   7.9523678e+37   6.1243418e+25
      8000.00      150.000   8.1051054e+37   3.6764766e+25
      8000.00      200.000   8.2077560e+37   2.0053606e+25
      8000.00      300.000   8.0485419e+37   5.0521013e+24
      8000.00      400.000   7.6781758e+37   1.1722828e+24
      8000.00      600.000   6.6445598e+37   5.8409354e+22
      8000.00      800.000   5.9039548e+37   2.9796971e+21
      8000.00      1000.00   5.2701599e+37   1.5271507e+20
      8000.00      1500.00   4.5230479e+37   1.0356444e+17
      8000.00      2000.00   4.1641898e+37   7.5375494e+13
      8000.00      2500.00   3.9945028e+37   5.7126881e+10
      8000.00      3000.00   4.1551409e+37       46942183.
      8000.00      3500.00   3.6948815e+37       32960.936
      8000.00      4000.00   3.4740767e+37       24.465002
      8000.00      5000.00   2.8467974e+37   1.2463513e-05
      8000.00      5500.00   2.6484647e+37   9.1199024e-09
      8000.00      6000.00   2.6820857e+37   7.2522200e-12
      8000.00      7000.00   2.2587398e+37   3.7280183e-18
      8000.00      8000.00   2.1068020e+37   2.0748262e-24
      8000.00      10000.0   1.7593326e+37   5.3865868e-37
      10000.0      0.00000   3.5346832e+37   2.9417024e+25
      10000.0      50.0000   3.5580982e+37   2.5966686e+25
      10000.0      100.000   3.6870801e+37   1.8774749e+25
      10000.0      150.000   3.9073437e+37   1.1838256e+25
      10000.0      200.000   4.1433069e+37   6.7934509e+24
      10000.0      300.000   4.3358485e+37   1.8305833e+24
      10000.0      400.000   4.3197285e+37   4.4285577e+23
      10000.0      600.000   4.2038389e+37   2.4722504e+22
      10000.0      800.000   3.6656560e+37   1.2341432e+21
      10000.0      1000.00   3.1253517e+37   6.0341069e+19
      10000.0      1500.00   2.1977147e+37   3.3458493e+16
      10000.0      2000.00   2.3752340e+37   2.8507975e+13
      10000.0      2500.00   2.4545468e+37   2.3199788e+10
      10000.0      3000.00   2.3892288e+37       17756423.
      10000.0      3500.00   2.5082369e+37       14635.707
      10000.0      4000.00   2.4126500e+37       11.024311
      10000.0      5000.00   2.1695306e+37   6.0279026e-06
      10000.0      5500.00   1.9635698e+37   4.2264456e-09
      10000.0      6000.00   1.7659791e+37   2.9271018e-12
      10000.0      7000.00   1.6359737e+37   1.5721090e-18
      10000.0      8000.00   1.6304273e+37   8.7031066e-25
      10000.0      10000.0   1.3793156e+37   1.8661381e-37
      12000.0      0.00000   1.6563492e+37   7.9029907e+24
      12000.0      50.0000   1.6606769e+37   6.9808162e+24
      12000.0      100.000   1.7575238e+37   5.1999848e+24
      12000.0      150.000   1.9448453e+37   3.4505175e+24
      12000.0      200.000   2.1688334e+37   2.0940813e+24
      12000.0      300.000   2.4168252e+37   6.0408737e+23
      12000.0      400.000   2.4659833e+37   1.4994976e+23
      12000.0      600.000   2.7581260e+37   9.6075729e+21
      12000.0      800.000   2.5855113e+37   5.1394972e+20
      12000.0      1000.00   2.1805336e+37   2.4752922e+19
      12000.0      1500.00   1.1331038e+37   1.0048859e+16
      12000.0      2000.00   1.0456285e+37   7.2313762e+12
      12000.0      2500.00   1.3041832e+37   7.0201066e+09
      12000.0      3000.00   1.5710910e+37       6553280.0
      12000.0      3500.00   1.5939702e+37       5129.5045
      12000.0      4000.00   1.5974427e+37       3.9421682
      12000.0      5000.00   1.5212329e+37   2.1609316e-06
      12000.0      5500.00   1.4955242e+37   1.5911858e-09
      12000.0      6000.00   1.4322521e+37   1.1298591e-12
      12000.0      7000.00   1.1298866e+37   4.7189501e-19
      12000.0      8000.00   1.0439746e+37   2.1706338e-25
      12000.0      10000.0   1.1043432e+37   4.4631398e-38
      15000.0      0.00000   6.2888421e+36   6.0045494e+23
      15000.0      50.0000   6.1264726e+36   5.1649116e+23
      15000.0      100.000   6.5956439e+36   3.9351977e+23
      15000.0      150.000   7.7456589e+36   2.7895030e+23
      15000.0      200.000   9.3623852e+36   1.8464664e+23
      15000.0      300.000   1.1483647e+37   5.9293164e+22
      15000.0      400.000   1.1601202e+37   1.4701430e+22
      15000.0      600.000   1.4744886e+37   1.0872350e+21
      15000.0      800.000   1.7984959e+37   7.6843255e+19
      15000.0      1000.00   1.6197176e+37   4.0128075e+18
      15000.0      1500.00   7.1246927e+36   1.4454068e+15
      15000.0      2000.00   3.1890608e+36   5.4387057e+11
      15000.0      2500.00   3.5019076e+36   5.2369477e+08
      15000.0      3000.00   4.9062636e+36       680590.91
      15000.0      3500.00   7.0679682e+36       970.29077
      15000.0      4000.00   9.4083033e+36       1.3598431
      15000.0      5000.00   9.7922384e+36   1.7874890e-06
      15000.0      5500.00   1.0382983e+37   2.2002578e-09
      15000.0      6000.00   9.3166294e+36   2.3003795e-12
      15000.0      7000.00   8.2567144e+36   2.7061472e-18
      15000.0      8000.00   6.8915561e+36   2.8136241e-24
      15000.0      10000.0   6.2286288e+36   2.9925705e-36
      18000.0      0.00000   3.4737903e+36   1.3097062e+22
      18000.0      50.0000   3.2057946e+36   1.0677775e+22
      18000.0      100.000   3.3356323e+36   7.8696038e+21
      18000.0      150.000   3.9694021e+36   5.6637558e+21
      18000.0      200.000   4.9537427e+36   3.8817699e+21
      18000.0      300.000   6.6826081e+36   1.3822751e+21
      18000.0      400.000   6.6695419e+36   3.4314276e+20
      18000.0      600.000   8.5940977e+36   2.6920407e+19
      18000.0      800.000   1.2577994e+37   2.4909991e+18
      18000.0      1000.00   1.3781542e+37   1.8547751e+17
      18000.0      1500.00   7.8992158e+36   2.0048982e+14
      18000.0      2000.00   1.9545318e+36   1.5751118e+11
      18000.0      2500.00   9.6312849e+35   2.9404362e+08
      18000.0      3000.00   1.2417054e+36       1471768.1
      18000.0      3500.00   1.9344348e+36       8815.8544
      18000.0      4000.00   2.9988621e+36       51.615106
      18000.0      5000.00   6.4941580e+36    0.0015042502
      18000.0      5500.00   7.0584900e+36   5.8138566e-06
      18000.0      6000.00   7.2194682e+36   2.0693335e-08
      18000.0      7000.00   6.3397670e+36   2.0527519e-13
      18000.0      8000.00   5.4952896e+36   1.8216955e-18
      18000.0      10000.0   3.7909966e+36   9.4895392e-29
      24000.0      0.00000   1.5689674e+36   1.9425577e+16
      24000.0      50.0000   1.4021310e+36   1.5329194e+16
      24000.0      100.000   1.3076643e+36   1.0121127e+16
      24000.0      150.000   1.3801067e+36   6.4519520e+15
      24000.0      200.000   1.6246309e+36   4.1684605e+15
      24000.0      300.000   2.3739884e+36   1.6119114e+15
      24000.0      400.000   2.7006198e+36   4.6297581e+14
      24000.0      600.000   2.8475696e+36   3.3231252e+13
      24000.0      800.000   5.2019448e+36   5.4270290e+12
      24000.0      1000.00   9.4237006e+36   1.2895217e+12
      24000.0      1500.00   6.8156519e+36   1.3720827e+10
      24000.0      2000.00   3.3812838e+36   1.2104679e+08
      24000.0      2500.00   7.1297149e+35       446079.05
      24000.0      3000.00   1.7243942e+35       1833.3602
      24000.0      3500.00   1.0299993e+35       18.091928
      24000.0      4000.00   1.5740863e+35      0.44404995
      24000.0      5000.00   5.4035721e+35   0.00036045706
      24000.0      5500.00   9.3191985e+35   9.1438141e-06
      24000.0      6000.00   1.5364300e+36   2.1527361e-07
      24000.0      7000.00   3.8755106e+36   1.0095967e-10
      24000.0      8000.00   4.1244625e+36   1.7625844e-14
      24000.0      10000.0   3.5016474e+36   2.7128704e-22
