face-on central tau B
      3.78000
sfr
     0.950000
old
     0.350000
bd
      2.00000
      tau1
      3.17000
   hd [pc]
      5200.00
   zd [pc]
      140.000
 hdin [pc]
      4500.00
 zdin [pc]
      140.000
   hdsolar [pc]
      8000.00
   zdsolar [pc]
      140.000
      tau2
     0.610000
  hd1 [pc]
      3200.00
  zd1 [pc]
      50.0000
hd1in [pc]
      4500.00
zd1in [pc]
      67.0000
  hd1solar [pc]
      8000.00
  zd1solar [pc]
      90.0000
   hs [pc]
      3200.00
   zs [pc]
      140.000
 hsin [pc]
      4500.00
 zsin [pc]
      170.000
   hssolar [pc]
      8000.00
   zssolar [pc]
      300.000
 rtruncate [pc]
      14000.0
  hs1 [pc]
      3200.00
  zs1 [pc]
      50.0000
hs1in [pc]
      4500.00
zs1in [pc]
      67.0000
  hs1solar [pc]
      8000.00
  zs1solar [pc]
      90.0000
rtruncate1 [pc]
      14000.0
   ifinns2
           3
   ifinns1
           3
   ifinnd1
           3
   ifinnd2
           3
    idisk1
           3
    idisk2
           3
nposition in r
          23
nposition in z
          22
          
    r(pc)      z(pc)   urad(erg/pc3/A)        eabs(erg/s/pc3/A)
      0.00000      0.00000   1.4011574e+39   1.1811293e+29
      0.00000      50.0000   1.0602436e+39   6.9000618e+28
      0.00000      100.000   6.4592080e+38   2.6770404e+28
      0.00000      150.000   4.4623989e+38   1.0853783e+28
      0.00000      200.000   3.5707171e+38   4.7177351e+27
      0.00000      300.000   2.9104336e+38   1.0005987e+27
      0.00000      400.000   2.6989833e+38   2.2700983e+26
      0.00000      600.000   2.5473775e+38   1.2377821e+25
      0.00000      800.000   2.4855383e+38   6.9399580e+23
      0.00000      1000.00   2.4376627e+38   3.9078407e+22
      0.00000      1500.00   2.3379220e+38   2.9642936e+19
      0.00000      2000.00   2.3319375e+38   2.3359272e+16
      0.00000      2500.00   2.3399168e+38   1.8539801e+13
      0.00000      3000.00   2.3299427e+38   1.4590070e+10
      0.00000      3500.00   2.3139842e+38       11450232.
      0.00000      4000.00   2.2621191e+38       8854.9795
      0.00000      5000.00   2.0965495e+38    0.0051246772
      0.00000      5500.00   2.0167570e+38   3.8958717e-06
      0.00000      6000.00   1.9419514e+38   2.9662884e-09
      0.00000      7000.00   1.7572316e+38   1.6774391e-15
      0.00000      8000.00   1.5705171e+38   9.3576723e-22
      0.00000      10000.0   1.2311992e+38   2.8047085e-34
      50.0000      0.00000   1.4045485e+39   1.1968884e+29
      50.0000      50.0000   1.0618395e+39   6.9878334e+28
      50.0000      100.000   6.4572128e+38   2.7049678e+28
      50.0000      150.000   4.4564145e+38   1.0959508e+28
      50.0000      200.000   3.5667275e+38   4.7636158e+27
      50.0000      300.000   2.9084388e+38   1.0107723e+27
      50.0000      400.000   2.6989833e+38   2.2960309e+26
      50.0000      600.000   2.5473775e+38   1.2513468e+25
      50.0000      800.000   2.4855383e+38   7.0157606e+23
      50.0000      1000.00   2.4396575e+38   3.9557162e+22
      50.0000      1500.00   2.3399168e+38   2.9982054e+19
      50.0000      2000.00   2.3319375e+38   2.3638546e+16
      50.0000      2500.00   2.3419117e+38   1.8763221e+13
      50.0000      3000.00   2.3319375e+38   1.4763618e+10
      50.0000      3500.00   2.3159790e+38       11587874.
      50.0000      4000.00   2.2601243e+38       8938.7619
      50.0000      5000.00   2.0965495e+38    0.0051845216
      50.0000      5500.00   2.0167570e+38   3.9397576e-06
      50.0000      6000.00   1.9399566e+38   2.9962106e-09
      50.0000      7000.00   1.7566332e+38   1.6953924e-15
      50.0000      8000.00   1.5707165e+38   9.4633973e-22
      50.0000      10000.0   1.2309997e+38   2.8366255e-34
      100.000      0.00000   1.4099345e+39   1.2144428e+29
      100.000      50.0000   1.0648317e+39   7.0835847e+28
      100.000      100.000   6.4592080e+38   2.7368848e+28
      100.000      150.000   4.4504301e+38   1.1063238e+28
      100.000      200.000   3.5587482e+38   4.8075018e+27
      100.000      300.000   2.9024544e+38   1.0199484e+27
      100.000      400.000   2.6929989e+38   2.3139842e+26
      100.000      600.000   2.5413931e+38   1.2627173e+25
      100.000      800.000   2.4835435e+38   7.0875739e+23
      100.000      1000.00   2.4376627e+38   3.9976072e+22
      100.000      1500.00   2.3399168e+38   3.0321173e+19
      100.000      2000.00   2.3299427e+38   2.3857976e+16
      100.000      2500.00   2.3459013e+38   1.8996614e+13
      100.000      3000.00   2.3279479e+38   1.4907245e+10
      100.000      3500.00   2.3179739e+38       11727512.
      100.000      4000.00   2.2561346e+38       9020.5489
      100.000      5000.00   2.0985443e+38    0.0052443660
      100.000      5500.00   2.0167570e+38   3.9836436e-06
      100.000      6000.00   1.9379618e+38   3.0261329e-09
      100.000      7000.00   1.7560348e+38   1.7135452e-15
      100.000      8000.00   1.5709160e+38   9.5691230e-22
      100.000      10000.0   1.2304012e+38   2.8665477e-34
      150.000      0.00000   1.4157195e+39   1.2323961e+29
      150.000      50.0000   1.0684224e+39   7.1853199e+28
      150.000      100.000   6.4651919e+38   2.7707966e+28
      150.000      150.000   4.4444456e+38   1.1168963e+28
      150.000      200.000   3.5487741e+38   4.8454032e+27
      150.000      300.000   2.8924803e+38   1.0275287e+27
      150.000      400.000   2.6870145e+38   2.3339324e+26
      150.000      600.000   2.5433879e+38   1.2770799e+25
      150.000      800.000   2.4815486e+38   7.1593873e+23
      150.000      1000.00   2.4376627e+38   4.0394983e+22
      150.000      1500.00   2.3419117e+38   3.0660291e+19
      150.000      2000.00   2.3299427e+38   2.4137249e+16
      150.000      2500.00   2.3439065e+38   1.9184126e+13
      150.000      3000.00   2.3299427e+38   1.5080794e+10
      150.000      3500.00   2.3219635e+38       11875128.
      150.000      4000.00   2.2501502e+38       9098.3468
      150.000      5000.00   2.0985443e+38    0.0053022156
      150.000      5500.00   2.0127673e+38   4.0215450e-06
      150.000      6000.00   1.9345706e+38   3.0540602e-09
      150.000      7000.00   1.7562343e+38   1.7322964e-15
      150.000      8000.00   1.5719134e+38   9.6788373e-22
      150.000      10000.0   1.2309997e+38   2.8984647e-34
      200.000      0.00000   1.4217039e+39   1.2505489e+29
      200.000      50.0000   1.0720130e+39   7.2890503e+28
      200.000      100.000   6.4731716e+38   2.8027137e+28
      200.000      150.000   4.4384611e+38   1.1274689e+28
      200.000      200.000   3.5368052e+38   4.8813098e+27
      200.000      300.000   2.8805114e+38   1.0339121e+27
      200.000      400.000   2.6810300e+38   2.3538805e+26
      200.000      600.000   2.5393982e+38   1.2892483e+25
      200.000      800.000   2.4755642e+38   7.2192316e+23
      200.000      1000.00   2.4376627e+38   4.0833843e+22
      200.000      1500.00   2.3399168e+38   3.0979461e+19
      200.000      2000.00   2.3299427e+38   2.4376627e+16
      200.000      2500.00   2.3399168e+38   1.9361665e+13
      200.000      3000.00   2.3319375e+38   1.5254343e+10
      200.000      3500.00   2.3199687e+38       11992822.
      200.000      4000.00   2.2441658e+38       9172.1547
      200.000      5000.00   2.0905651e+38    0.0053421119
      200.000      5500.00   2.0167570e+38   4.0714154e-06
      200.000      6000.00   1.9317779e+38   3.0819876e-09
      200.000      7000.00   1.7574311e+38   1.7520452e-15
      200.000      8000.00   1.5733098e+38   9.7905469e-22
      200.000      10000.0   1.2317977e+38   2.9303818e-34
      300.000      0.00000   1.4334733e+39   1.2870540e+29
      300.000      50.0000   1.0797928e+39   7.4985059e+28
      300.000      100.000   6.4931198e+38   2.8725322e+28
      300.000      150.000   4.4225026e+38   1.1472176e+28
      300.000      200.000   3.5128675e+38   4.9511284e+27
      300.000      300.000   2.8565736e+38   1.0474769e+27
      300.000      400.000   2.6670663e+38   2.3917820e+26
      300.000      600.000   2.5354086e+38   1.3139840e+25
      300.000      800.000   2.4695797e+38   7.3528846e+23
      300.000      1000.00   2.4356679e+38   4.1671665e+22
      300.000      1500.00   2.3419117e+38   3.1677647e+19
      300.000      2000.00   2.3259531e+38   2.4855383e+16
      300.000      2500.00   2.3419117e+38   1.9782570e+13
      300.000      3000.00   2.3359272e+38   1.5601440e+10
      300.000      3500.00   2.3099946e+38       12200283.
      300.000      4000.00   2.2461606e+38       9371.6359
      300.000      5000.00   2.0925599e+38    0.0054558163
      300.000      5500.00   2.0167570e+38   4.1571924e-06
      300.000      6000.00   1.9315784e+38   3.1478165e-09
      300.000      7000.00   1.7564337e+38   1.7883508e-15
      300.000      8000.00   1.5761025e+38   1.0017956e-21
      300.000      10000.0   1.2387795e+38   3.0101743e-34
      400.000      0.00000   1.4444448e+39   1.3229607e+29
      400.000      50.0000   1.0873731e+39   7.7099560e+28
      400.000      100.000   6.5070834e+38   2.9383610e+28
      400.000      150.000   4.4145234e+38   1.1693599e+28
      400.000      200.000   3.4929193e+38   5.0249365e+27
      400.000      300.000   2.8286463e+38   1.0588473e+27
      400.000      400.000   2.6471182e+38   2.4236990e+26
      400.000      600.000   2.5154604e+38   1.3307404e+25
      400.000      800.000   2.4616005e+38   7.4845422e+23
      400.000      1000.00   2.4336731e+38   4.2489539e+22
      400.000      1500.00   2.3459013e+38   3.2395779e+19
      400.000      2000.00   2.3299427e+38   2.5413931e+16
      400.000      2500.00   2.3459013e+38   2.0247362e+13
      400.000      3000.00   2.3359272e+38   1.5926595e+10
      400.000      3500.00   2.3060050e+38       12425696.
      400.000      4000.00   2.2481554e+38       9581.0914
      400.000      5000.00   2.0965495e+38    0.0055794948
      400.000      5500.00   2.0107725e+38   4.2349901e-06
      400.000      6000.00   1.9329747e+38   3.2156401e-09
      400.000      7000.00   1.7548379e+38   1.8238584e-15
      400.000      8000.00   1.5780973e+38   1.0239380e-21
      400.000      10000.0   1.2475567e+38   3.0939565e-34
      600.000      0.00000   1.4645924e+39   1.3935771e+29
      600.000      50.0000   1.1017358e+39   8.1348515e+28
      600.000      100.000   6.5429897e+38   3.0779980e+28
      600.000      150.000   4.3925804e+38   1.2116500e+28
      600.000      200.000   3.4530230e+38   5.1705579e+27
      600.000      300.000   2.7847604e+38   1.0847798e+27
      600.000      400.000   2.6012375e+38   2.4795538e+26
      600.000      600.000   2.4915227e+38   1.3720330e+25
      600.000      800.000   2.4516264e+38   7.7598266e+23
      600.000      1000.00   2.4236990e+38   4.4065441e+22
      600.000      1500.00   2.3478961e+38   3.3732305e+19
      600.000      2000.00   2.3339324e+38   2.6511078e+16
      600.000      2500.00   2.3419117e+38   2.1025340e+13
      600.000      3000.00   2.3399168e+38   1.6606826e+10
      600.000      3500.00   2.3000206e+38       12898467.
      600.000      4000.00   2.2501502e+38       9978.0597
      600.000      5000.00   2.0985443e+38    0.0058148828
      600.000      5500.00   2.0127673e+38   4.4085390e-06
      600.000      6000.00   1.9273893e+38   3.3373238e-09
      600.000      7000.00   1.7578301e+38   1.9016562e-15
      600.000      8000.00   1.5940559e+38   1.0764017e-21
      600.000      10000.0   1.2537406e+38   3.2355883e-34
      800.000      0.00000   1.4829447e+39   1.4631961e+29
      800.000      50.0000   1.1170959e+39   8.5757053e+28
      800.000      100.000   6.5828860e+38   3.2216246e+28
      800.000      150.000   4.3766219e+38   1.2547380e+28
      800.000      200.000   3.3971682e+38   5.2862571e+27
      800.000      300.000   2.7289056e+38   1.1053265e+27
      800.000      400.000   2.5493723e+38   2.5254345e+26
      800.000      600.000   2.4576108e+38   1.4065434e+25
      800.000      800.000   2.4356679e+38   8.0111730e+23
      800.000      1000.00   2.4217042e+38   4.5741085e+22
      800.000      1500.00   2.3538805e+38   3.5148623e+19
      800.000      2000.00   2.3439065e+38   2.7668070e+16
      800.000      2500.00   2.3538805e+38   2.1962902e+13
      800.000      3000.00   2.3419117e+38   1.7271100e+10
      800.000      3500.00   2.3020154e+38       13415124.
      800.000      4000.00   2.2381813e+38       10311.194
      800.000      5000.00   2.1005392e+38    0.0060482760
      800.000      5500.00   2.0187518e+38   4.5940567e-06
      800.000      6000.00   1.9403556e+38   3.4909245e-09
      800.000      7000.00   1.7686021e+38   1.9884306e-15
      800.000      8000.00   1.5954522e+38   1.1194896e-21
      800.000      10000.0   1.2613209e+38   3.3812097e-34
      1000.00      0.00000   1.4993022e+39   1.5316182e+29
      1000.00      50.0000   1.1304611e+39   9.0125698e+28
      1000.00      100.000   6.6167983e+38   3.3632564e+28
      1000.00      150.000   4.3506894e+38   1.2948338e+28
      1000.00      200.000   3.3592668e+38   5.4258941e+27
      1000.00      300.000   2.6790352e+38   1.1254741e+27
      1000.00      400.000   2.5034916e+38   2.5733100e+26
      1000.00      600.000   2.4296834e+38   1.4436469e+25
      1000.00      800.000   2.4316783e+38   8.2984263e+23
      1000.00      1000.00   2.4217042e+38   4.7456625e+22
      1000.00      1500.00   2.3658494e+38   3.6644733e+19
      1000.00      2000.00   2.3478961e+38   2.8745270e+16
      1000.00      2500.00   2.3578702e+38   2.2820672e+13
      1000.00      3000.00   2.3459013e+38   1.7949336e+10
      1000.00      3500.00   2.3060050e+38       13955719.
      1000.00      4000.00   2.2501502e+38       10758.032
      1000.00      5000.00   2.1045288e+38    0.0062876537
      1000.00      5500.00   2.0267310e+38   4.7875536e-06
      1000.00      6000.00   1.9387597e+38   3.6205874e-09
      1000.00      7000.00   1.7598249e+38   2.0526636e-15
      1000.00      8000.00   1.5902657e+38   1.1579895e-21
      1000.00      10000.0   1.2579297e+38   3.4989037e-34
      1500.00      0.00000   1.5318177e+39   1.6959909e+29
      1500.00      50.0000   1.1621786e+39   1.0121686e+29
      1500.00      100.000   6.7065645e+38   3.7303022e+28
      1500.00      150.000   4.3087983e+38   1.4013568e+28
      1500.00      200.000   3.2575312e+38   5.7450643e+27
      1500.00      300.000   2.6012375e+38   1.1921008e+27
      1500.00      400.000   2.4915227e+38   2.7927396e+26
      1500.00      600.000   2.4895279e+38   1.6130066e+25
      1500.00      800.000   2.4815486e+38   9.2379836e+23
      1500.00      1000.00   2.4576108e+38   5.2543401e+22
      1500.00      1500.00   2.3957716e+38   4.0494724e+19
      1500.00      2000.00   2.3798131e+38   3.1817283e+16
      1500.00      2500.00   2.3778183e+38   2.5114708e+13
      1500.00      3000.00   2.3578702e+38   1.9688814e+10
      1500.00      3500.00   2.3199687e+38       15312192.
      1500.00      4000.00   2.2501502e+38       11739.480
      1500.00      5000.00   2.1005392e+38    0.0068501912
      1500.00      5500.00   2.0067829e+38   5.1725527e-06
      1500.00      6000.00   1.9206070e+38   3.9118303e-09
      1500.00      7000.00   1.7390789e+38   2.2122487e-15
      1500.00      8000.00   1.5717140e+38   1.2483546e-21
      1500.00      10000.0   1.2515463e+38   3.7901466e-34
      2000.00      0.00000   1.5543591e+39   1.8507884e+29
      2000.00      50.0000   1.1901060e+39   1.1246761e+29
      2000.00      100.000   6.8142848e+38   4.1192909e+28
      2000.00      150.000   4.2868553e+38   1.5130664e+28
      2000.00      200.000   3.1757439e+38   6.0722138e+27
      2000.00      300.000   2.4935175e+38   1.2379816e+27
      2000.00      400.000   2.3917820e+38   2.9064440e+26
      2000.00      600.000   2.4037509e+38   1.6878121e+25
      2000.00      800.000   2.4137249e+38   9.7346924e+23
      2000.00      1000.00   2.4077405e+38   5.5794948e+22
      2000.00      1500.00   2.3838028e+38   4.3646530e+19
      2000.00      2000.00   2.3738286e+38   3.4350697e+16
      2000.00      2500.00   2.3758235e+38   2.7169367e+13
      2000.00      3000.00   2.3538805e+38   2.1284665e+10
      2000.00      3500.00   2.3239583e+38       16614806.
      2000.00      4000.00   2.2521450e+38       12734.893
      2000.00      5000.00   2.0845806e+38    0.0073608637
      2000.00      5500.00   1.9934177e+38   5.5655310e-06
      2000.00      6000.00   1.8980655e+38   4.1891094e-09
      2000.00      7000.00   1.7185323e+38   2.3698390e-15
      2000.00      8000.00   1.5577502e+38   1.3399165e-21
      2000.00      10000.0   1.2399764e+38   4.0574517e-34
      3000.00      0.00000   1.5729109e+39   2.1264717e+29
      3000.00      50.0000   1.2441655e+39   1.3598647e+29
      3000.00      100.000   7.0636366e+38   4.9690817e+28
      3000.00      150.000   4.3087983e+38   1.7628171e+28
      3000.00      200.000   3.0819876e+38   6.8102950e+27
      3000.00      300.000   2.3359272e+38   1.3389192e+27
      3000.00      400.000   2.2302020e+38   3.1258736e+26
      3000.00      600.000   2.2681035e+38   1.8372237e+25
      3000.00      800.000   2.2960309e+38   1.0682229e+24
      3000.00      1000.00   2.3020154e+38   6.1520064e+22
      3000.00      1500.00   2.3199687e+38   4.9012580e+19
      3000.00      2000.00   2.3518857e+38   3.9277888e+16
      3000.00      2500.00   2.3758235e+38   3.1378424e+13
      3000.00      3000.00   2.3419117e+38   2.4436472e+10
      3000.00      3500.00   2.3060050e+38       19022547.
      3000.00      4000.00   2.2282072e+38       14530.225
      3000.00      5000.00   2.0426896e+38    0.0083283482
      3000.00      5500.00   1.9423504e+38   6.2577315e-06
      3000.00      6000.00   1.8426097e+38   4.6918026e-09
      3000.00      7000.00   1.6692603e+38   2.6550974e-15
      3000.00      8000.00   1.5104731e+38   1.4975069e-21
      3000.00      10000.0   1.2192303e+38   4.5621396e-34
      4000.00      0.00000   1.5625378e+39   2.3558753e+29
      4000.00      50.0000   1.2724919e+39   1.5776984e+29
      4000.00      100.000   7.3828064e+38   5.9385613e+28
      4000.00      150.000   4.4564145e+38   2.0785962e+28
      4000.00      200.000   3.0979461e+38   7.7857592e+27
      4000.00      300.000   2.2461606e+38   1.4600043e+27
      4000.00      400.000   2.1304613e+38   3.3851994e+26
      4000.00      600.000   2.2042695e+38   2.0227414e+25
      4000.00      800.000   2.2521450e+38   1.1873133e+24
      4000.00      1000.00   2.2780776e+38   6.9020564e+22
      4000.00      1500.00   2.3259531e+38   5.5715155e+19
      4000.00      2000.00   2.3658494e+38   4.4763626e+16
      4000.00      2500.00   2.3478961e+38   3.5128675e+13
      4000.00      3000.00   2.3040102e+38   2.7249160e+10
      4000.00      3500.00   2.2501502e+38       21045288.
      4000.00      4000.00   2.1643732e+38       15998.409
      4000.00      5000.00   1.9882311e+38    0.0091821291
      4000.00      5500.00   1.8850992e+38   6.8821083e-06
      4000.00      6000.00   1.7829648e+38   5.1446253e-09
      4000.00      7000.00   1.5952528e+38   2.8725322e-15
      4000.00      8000.00   1.4582091e+38   1.6345506e-21
      4000.00      10000.0   1.1915024e+38   4.9710765e-34
      4500.00      0.00000   1.5459808e+39   2.4476368e+29
      4500.00      50.0000   1.2774789e+39   1.6768407e+29
      4500.00      100.000   7.5563556e+38   6.4631973e+28
      4500.00      150.000   4.5681241e+38   2.2641139e+28
      4500.00      200.000   3.1518061e+38   8.4081413e+27
      4500.00      300.000   2.2561346e+38   1.5545586e+27
      4500.00      400.000   2.1404355e+38   3.6026341e+26
      4500.00      600.000   2.2302020e+38   2.1683628e+25
      4500.00      800.000   2.2780776e+38   1.2724919e+24
      4500.00      1000.00   2.3020154e+38   7.3828064e+22
      4500.00      1500.00   2.3698390e+38   6.0083798e+19
      4500.00      2000.00   2.3838028e+38   4.7775795e+16
      4500.00      2500.00   2.3299427e+38   3.6924007e+13
      4500.00      3000.00   2.2700983e+38   2.8426100e+10
      4500.00      3500.00   2.2062643e+38       21823265.
      4500.00      4000.00   2.1164977e+38       16568.925
      4500.00      5000.00   1.9443452e+38    0.0095072834
      4500.00      5500.00   1.8392185e+38   7.1075221e-06
      4500.00      6000.00   1.7402758e+38   5.3141845e-09
      4500.00      7000.00   1.5621388e+38   2.9762625e-15
      4500.00      8000.00   1.4169164e+38   1.6780376e-21
      4500.00      10000.0   1.1685620e+38   5.1007394e-34
      5000.00      0.00000   1.3999605e+39   1.9766612e+29
      5000.00      50.0000   1.1839221e+39   1.3997610e+29
      5000.00      100.000   7.3469001e+38   5.7111525e+28
      5000.00      150.000   4.6519063e+38   2.1005392e+28
      5000.00      200.000   3.3113912e+38   8.0351110e+27
      5000.00      300.000   2.4037509e+38   1.5052866e+27
      5000.00      400.000   2.2700983e+38   3.4709764e+26
      5000.00      600.000   2.3139842e+38   2.0426896e+25
      5000.00      800.000   2.3518857e+38   1.1930983e+24
      5000.00      1000.00   2.3678442e+38   6.8980665e+22
      5000.00      1500.00   2.4057457e+38   5.5376037e+19
      5000.00      2000.00   2.3798131e+38   4.3307412e+16
      5000.00      2500.00   2.3000206e+38   3.3093964e+13
      5000.00      3000.00   2.2302020e+38   2.5374034e+10
      5000.00      3500.00   2.1543991e+38       19379618.
      5000.00      4000.00   2.0686221e+38       14701.779
      5000.00      5000.00   1.8946743e+38    0.0084141258
      5000.00      5500.00   1.7877523e+38   6.2736901e-06
      5000.00      6000.00   1.6957914e+38   4.7037714e-09
      5000.00      7000.00   1.5230405e+38   2.6331545e-15
      5000.00      8000.00   1.3820072e+38   1.4817479e-21
      5000.00      10000.0   1.1488134e+38   4.4843419e-34
      6000.00      0.00000   1.1362461e+39   1.2808700e+29
      6000.00      50.0000   9.9880334e+38   9.5810914e+28
      6000.00      100.000   6.7783779e+38   4.3486946e+28
      6000.00      150.000   4.6499115e+38   1.7382809e+28
      6000.00      200.000   3.4929193e+38   7.0197505e+27
      6000.00      300.000   2.6311597e+38   1.3618595e+27
      6000.00      400.000   2.4755642e+38   3.1238788e+26
      6000.00      600.000   2.4915227e+38   1.8154802e+25
      6000.00      800.000   2.5114708e+38   1.0512670e+24
      6000.00      1000.00   2.5054864e+38   6.0243383e+22
      6000.00      1500.00   2.4476368e+38   4.6519063e+19
      6000.00      2000.00   2.3439065e+38   3.5208467e+16
      6000.00      2500.00   2.2302020e+38   2.6471182e+13
      6000.00      3000.00   2.1324561e+38   2.0007985e+10
      6000.00      3500.00   2.0347103e+38       15098747.
      6000.00      4000.00   1.9391587e+38       11370.440
      6000.00      5000.00   1.7729907e+38    0.0064911245
      6000.00      5500.00   1.6822266e+38   4.8653513e-06
      6000.00      6000.00   1.5980455e+38   3.6505096e-09
      6000.00      7000.00   1.4340718e+38   2.0367051e-15
      6000.00      8000.00   1.2940358e+38   1.1318574e-21
      6000.00      10000.0   1.1021347e+38   3.3891890e-34
      8000.00      0.00000   7.3469001e+38   5.3520860e+28
      8000.00      50.0000   6.8182741e+38   4.3147827e+28
      8000.00      100.000   5.4019563e+38   2.3459013e+28
      8000.00      150.000   4.0793946e+38   1.0430882e+28
      8000.00      200.000   3.3153809e+38   4.5681241e+27
      8000.00      300.000   2.6750455e+38   9.4733717e+26
      8000.00      400.000   2.5194501e+38   2.1703576e+26
      8000.00      600.000   2.4815486e+38   1.2298029e+25
      8000.00      800.000   2.4376627e+38   6.9359681e+23
      8000.00      1000.00   2.3897872e+38   3.9058458e+22
      8000.00      1500.00   2.2561346e+38   2.9124284e+19
      8000.00      2000.00   2.0945547e+38   2.1384406e+16
      8000.00      2500.00   1.9529229e+38   1.5749057e+13
      8000.00      3000.00   1.8422107e+38   1.1735491e+10
      8000.00      3500.00   1.7388794e+38       8747259.2
      8000.00      4000.00   1.6425299e+38       6521.0470
      8000.00      5000.00   1.4917219e+38    0.0036824266
      8000.00      5500.00   1.4306806e+38   2.7787759e-06
      8000.00      6000.00   1.3692403e+38   2.0885703e-09
      8000.00      7000.00   1.2391785e+38   1.1532020e-15
      8000.00      8000.00   1.1202876e+38   6.2198301e-22
      8000.00      10000.0   9.6469202e+37   1.6654702e-34
      10000.0      0.00000   4.6199892e+38   2.1683628e+28
      10000.0      50.0000   4.4205078e+38   1.8198688e+28
      10000.0      100.000   3.8140844e+38   1.0949534e+28
      10000.0      150.000   3.1917024e+38   5.4538215e+27
      10000.0      200.000   2.7129470e+38   2.5074812e+27
      10000.0      300.000   2.2740879e+38   5.4119304e+26
      10000.0      400.000   2.1364458e+38   1.2353883e+26
      10000.0      600.000   2.0506688e+38   6.8003212e+24
      10000.0      800.000   1.9862363e+38   3.7721933e+23
      10000.0      1000.00   1.9259929e+38   2.0965495e+22
      10000.0      1500.00   1.7725917e+38   1.5218436e+19
      10000.0      2000.00   1.6337527e+38   1.1057254e+16
      10000.0      2500.00   1.5114706e+38   8.0550591e+12
      10000.0      3000.00   1.4272894e+38   5.9824472e+09
      10000.0      3500.00   1.3540797e+38       4454419.7
      10000.0      4000.00   1.2890488e+38       3321.3653
      10000.0      5000.00   1.1855180e+38    0.0018569724
      10000.0      5500.00   1.1468186e+38   1.3917817e-06
      10000.0      6000.00   1.1085182e+38   1.0361064e-09
      10000.0      7000.00   1.0323163e+38   5.5934585e-16
      10000.0      8000.00   9.4374654e+37   2.8406151e-22
      10000.0      10000.0   8.1268724e+37   6.1978871e-35
      12000.0      0.00000   2.6670663e+38   7.1753462e+27
      12000.0      50.0000   2.5932582e+38   6.1500116e+27
      12000.0      100.000   2.3598650e+38   3.9377628e+27
      12000.0      150.000   2.0965495e+38   2.0965495e+27
      12000.0      200.000   1.8837028e+38   1.0257333e+27
      12000.0      300.000   1.6335532e+38   2.3020154e+26
      12000.0      400.000   1.5192504e+38   5.2104542e+25
      12000.0      600.000   1.4125278e+38   2.7747863e+24
      12000.0      800.000   1.3457015e+38   1.5086779e+23
      12000.0      1000.00   1.2978260e+38   8.3084001e+21
      12000.0      1500.00   1.1944946e+38   5.9704783e+18
      12000.0      2000.00   1.1115103e+38   4.3367256e+15
      12000.0      2500.00   1.0267308e+38   3.1158994e+12
      12000.0      3000.00   9.8045105e+37   2.3060050e+09
      12000.0      3500.00   9.5212471e+37       1727708.4
      12000.0      4000.00   9.2738906e+37       1290.4452
      12000.0      5000.00   8.7751871e+37   0.00070297249
      12000.0      5500.00   8.5378037e+37   5.1226823e-07
      12000.0      6000.00   8.3423124e+37   3.7103541e-10
      12000.0      7000.00   8.0251366e+37   1.8894878e-16
      12000.0      8000.00   7.6461218e+37   8.9646938e-23
      12000.0      10000.0   6.6307619e+37   1.5112711e-35
      15000.0      0.00000   6.4552181e+37   3.4749660e+26
      15000.0      50.0000   6.3235604e+37   3.0061847e+26
      15000.0      100.000   6.0402968e+37   2.0327154e+26
      15000.0      150.000   5.7011784e+37   1.1579895e+26
      15000.0      200.000   5.3820082e+37   5.9844420e+25
      15000.0      300.000   4.9152217e+37   1.4302816e+25
      15000.0      400.000   4.6299633e+37   3.3093964e+24
      15000.0      600.000   4.3586686e+37   1.8128869e+23
      15000.0      800.000   4.1611820e+37   1.0023940e+22
      15000.0      1000.00   4.1492132e+37   5.7949347e+20
      15000.0      1500.00   4.3167775e+37   4.9371647e+17
      15000.0      2000.00   4.5741085e+37   4.3985649e+14
      15000.0      2500.00   4.6060255e+37   3.8819080e+11
      15000.0      3000.00   4.6120100e+37   3.6066237e+08
      15000.0      3500.00   4.6060255e+37       356473.26
      15000.0      4000.00   4.5820877e+37       373.22970
      15000.0      5000.00   4.7536418e+37   0.00048932788
      15000.0      5500.00   4.8932788e+37   5.8467998e-07
      15000.0      6000.00   4.9690817e+37   6.9200099e-10
      15000.0      7000.00   4.9870350e+37   9.2160408e-16
      15000.0      8000.00   4.9850402e+37   1.1474170e-21
      15000.0      10000.0   4.6598855e+37   1.2625178e-33
      18000.0      0.00000   7.3608637e+36   1.5647321e+24
      18000.0      50.0000   7.4406561e+36   1.3973672e+24
      18000.0      100.000   7.5244385e+36   1.0009977e+24
      18000.0      150.000   7.6900079e+36   6.1879130e+23
      18000.0      200.000   7.9712767e+36   3.5228415e+23
      18000.0      300.000   8.6116123e+36   1.0043889e+23
      18000.0      400.000   8.7313010e+36   2.5334138e+22
      18000.0      600.000   8.7891507e+36   1.5523642e+21
      18000.0      800.000   7.7937383e+36   8.7053684e+19
      18000.0      1000.00   8.1787376e+36   6.2058663e+18
      18000.0      1500.00   1.1392383e+37   1.6301620e+16
      18000.0      2000.00   1.4845406e+37   6.7444661e+13
      18000.0      2500.00   1.7514467e+37   3.0141639e+11
      18000.0      3000.00   1.8517859e+37   1.2377821e+09
      18000.0      3500.00   2.0406948e+37       5240376.4
      18000.0      4000.00   2.1803317e+37       21164.977
      18000.0      5000.00   2.3099946e+37      0.30161587
      18000.0      5500.00   2.4177146e+37    0.0011228808
      18000.0      6000.00   2.5334138e+37   4.0933583e-06
      18000.0      7000.00   2.7448641e+37   5.0109728e-11
      18000.0      8000.00   2.9662884e+37   5.5455829e-16
      18000.0      10000.0   3.0819876e+37   4.3486946e-26
      24000.0      0.00000   2.2800724e+36   1.5928590e+18
      24000.0      50.0000   2.2920413e+36   1.4125278e+18
      24000.0      100.000   2.3419117e+36   1.0221427e+18
      24000.0      150.000   2.5812893e+36   6.8043105e+17
      24000.0      200.000   2.9982054e+36   4.3367256e+17
      24000.0      300.000   3.7562348e+36   1.4388593e+17
      24000.0      400.000   4.1332546e+36   3.9956124e+16
      24000.0      600.000   4.2389797e+36   2.7887500e+15
      24000.0      800.000   3.7602244e+36   2.2122487e+14
      24000.0      1000.00   3.6205874e+36   2.7927396e+13
      24000.0      1500.00   3.1039306e+36   3.5248364e+11
      24000.0      2000.00   2.3339324e+36   4.7137455e+09
      24000.0      2500.00   3.0999410e+36   1.0937565e+08
      24000.0      3000.00   1.9786560e+36       1186515.4
      24000.0      3500.00   2.9224025e+36       28964.699
      24000.0      4000.00   5.1825268e+36       824.45665
      24000.0      5000.00   8.5876743e+36      0.32296039
      24000.0      5500.00   9.5172578e+36    0.0052663090
      24000.0      6000.00   9.9660907e+36   7.8735308e-05
      24000.0      7000.00   9.4115327e+36   1.3826056e-08
      24000.0      8000.00   1.0051868e+37   2.4217042e-12
      24000.0      10000.0   1.2609219e+37   5.5076815e-20
