face-on central tau B
      3.78000
sfr
     0.950000
old
     0.350000
bd
      2.00000
      tau1
      3.17000
   hd [pc]
      5200.00
   zd [pc]
      140.000
 hdin [pc]
      4500.00
 zdin [pc]
      140.000
   hdsolar [pc]
      8000.00
   zdsolar [pc]
      140.000
      tau2
     0.610000
  hd1 [pc]
      3200.00
  zd1 [pc]
      50.0000
hd1in [pc]
      4500.00
zd1in [pc]
      67.0000
  hd1solar [pc]
      8000.00
  zd1solar [pc]
      90.0000
   hs [pc]
      3200.00
   zs [pc]
      140.000
 hsin [pc]
      4500.00
 zsin [pc]
      170.000
   hssolar [pc]
      8000.00
   zssolar [pc]
      300.000
 rtruncate [pc]
      14000.0
  hs1 [pc]
      3200.00
  zs1 [pc]
      50.0000
hs1in [pc]
      4500.00
zs1in [pc]
      67.0000
  hs1solar [pc]
      8000.00
  zs1solar [pc]
      90.0000
rtruncate1 [pc]
      14000.0
   ifinns2
           3
   ifinns1
           3
   ifinnd1
           3
   ifinnd2
           3
    idisk1
           3
    idisk2
           3
nposition in r
          23
nposition in z
          22
          
    r(pc)      z(pc)   urad(erg/pc3/A)        eabs(erg/s/pc3/A)
      0.00000      0.00000   1.3162246e+39   3.5646254e+28
      0.00000      50.0000   1.0798477e+39   2.2581431e+28
      0.00000      100.000   7.8809397e+38   1.0495955e+28
      0.00000      150.000   6.1170859e+38   4.7808641e+27
      0.00000      200.000   5.2146491e+38   2.2135340e+27
      0.00000      300.000   4.5065438e+38   4.9772467e+26
      0.00000      400.000   4.3127251e+38   1.1654766e+26
      0.00000      600.000   4.1947930e+38   6.5477944e+24
      0.00000      800.000   4.1630026e+38   3.7343451e+23
      0.00000      1000.00   4.1353141e+38   2.1304688e+22
      0.00000      1500.00   4.0486597e+38   1.6489982e+19
      0.00000      2000.00   4.0081527e+38   1.2905872e+16
      0.00000      2500.00   3.9168834e+38   9.9678249e+12
      0.00000      3000.00   3.7769032e+38   7.5989282e+09
      0.00000      3500.00   3.6082091e+38       5737652.3
      0.00000      4000.00   3.3887528e+38       4260.4247
      0.00000      5000.00   2.9570189e+38    0.0023227493
      0.00000      5500.00   2.7667892e+38   1.7182192e-06
      0.00000      6000.00   2.5832254e+38   1.2680262e-09
      0.00000      7000.00   2.2355821e+38   6.8554433e-16
      0.00000      8000.00   1.9192164e+38   3.6743535e-22
      0.00000      10000.0   1.4505647e+38   1.0619015e-34
      50.0000      0.00000   1.3203266e+39   3.6148747e+28
      50.0000      50.0000   1.0818987e+39   2.2873696e+28
      50.0000      100.000   7.8758122e+38   1.0603633e+28
      50.0000      150.000   6.1119584e+38   4.8259860e+27
      50.0000      200.000   5.2197766e+38   2.2396841e+27
      50.0000      300.000   4.5142351e+38   5.0408275e+26
      50.0000      400.000   4.3111868e+38   1.1777825e+26
      50.0000      600.000   4.1932547e+38   6.6195791e+24
      50.0000      800.000   4.1614643e+38   3.7748522e+23
      50.0000      1000.00   4.1337760e+38   2.1535424e+22
      50.0000      1500.00   4.0476342e+38   1.6669444e+19
      50.0000      2000.00   4.0061016e+38   1.3039187e+16
      50.0000      2500.00   3.9132942e+38   1.0070375e+13
      50.0000      3000.00   3.7743394e+38   7.6758404e+09
      50.0000      3500.00   3.6066708e+38       5799182.1
      50.0000      4000.00   3.3867018e+38       4304.5211
      50.0000      5000.00   2.9565060e+38    0.0023483867
      50.0000      5500.00   2.7693530e+38   1.7387291e-06
      50.0000      6000.00   2.5816872e+38   1.2813577e-09
      50.0000      7000.00   2.2355821e+38   6.9323556e-16
      50.0000      8000.00   1.9202420e+38   3.7163989e-22
      50.0000      10000.0   1.4531284e+38   1.0752330e-34
      100.000      0.00000   1.3264795e+39   3.6712770e+28
      100.000      50.0000   1.0865134e+39   2.3222366e+28
      100.000      100.000   7.8911946e+38   1.0747202e+28
      100.000      150.000   6.1119584e+38   4.8813628e+27
      100.000      200.000   5.2095216e+38   2.2596813e+27
      100.000      300.000   4.4937252e+38   5.0731306e+26
      100.000      400.000   4.3096486e+38   1.1900885e+26
      100.000      600.000   4.1922293e+38   6.6913639e+24
      100.000      800.000   4.1604389e+38   3.8153593e+23
      100.000      1000.00   4.1332631e+38   2.1766161e+22
      100.000      1500.00   4.0481470e+38   1.6854033e+19
      100.000      2000.00   4.0025123e+38   1.3172501e+16
      100.000      2500.00   3.9132942e+38   1.0183179e+13
      100.000      3000.00   3.7707502e+38   7.7527526e+09
      100.000      3500.00   3.6051325e+38       5860711.8
      100.000      4000.00   3.3825998e+38       4347.0792
      100.000      5000.00   2.9554806e+38    0.0023735114
      100.000      5500.00   2.7683275e+38   1.7571881e-06
      100.000      6000.00   2.5801489e+38   1.2946891e-09
      100.000      7000.00   2.2345567e+38   7.0041403e-16
      100.000      8000.00   1.9279332e+38   3.7728012e-22
      100.000      10000.0   1.4515901e+38   1.0860007e-34
      150.000      0.00000   1.3326326e+39   3.7276793e+28
      150.000      50.0000   1.0921537e+39   2.3596672e+28
      150.000      100.000   7.9219596e+38   1.0901027e+28
      150.000      150.000   6.1068309e+38   4.9300738e+27
      150.000      200.000   5.1890117e+38   2.2760892e+27
      150.000      300.000   4.4926996e+38   5.1269692e+26
      150.000      400.000   4.3086230e+38   1.2029073e+26
      150.000      600.000   4.1912037e+38   6.7631486e+24
      150.000      800.000   4.1599260e+38   3.8563792e+23
      150.000      1000.00   4.1322377e+38   2.2002025e+22
      150.000      1500.00   4.0476342e+38   1.7033495e+19
      150.000      2000.00   4.0009742e+38   1.3310943e+16
      150.000      2500.00   3.9102177e+38   1.0280601e+13
      150.000      3000.00   3.7707502e+38   7.8399199e+09
      150.000      3500.00   3.6046198e+38       5922241.6
      150.000      4000.00   3.3774723e+38       4387.5863
      150.000      5000.00   2.9534296e+38    0.0023970978
      150.000      5500.00   2.7678148e+38   1.7756470e-06
      150.000      6000.00   2.5770724e+38   1.3069951e-09
      150.000      7000.00   2.2340438e+38   7.0810526e-16
      150.000      8000.00   1.9294714e+38   3.8163848e-22
      150.000      10000.0   1.4536411e+38   1.0993321e-34
      200.000      0.00000   1.3398110e+39   3.7861326e+28
      200.000      50.0000   1.0977939e+39   2.3981233e+28
      200.000      100.000   7.9527244e+38   1.1065106e+28
      200.000      150.000   6.1017034e+38   4.9787849e+27
      200.000      200.000   5.1838842e+38   2.2981373e+27
      200.000      300.000   4.4926996e+38   5.1838842e+26
      200.000      400.000   4.3081103e+38   1.2157260e+26
      200.000      600.000   4.1906910e+38   6.8349334e+24
      200.000      800.000   4.1594133e+38   3.8973990e+23
      200.000      1000.00   4.1306994e+38   2.2227634e+22
      200.000      1500.00   4.0460960e+38   1.7212957e+19
      200.000      2000.00   3.9994359e+38   1.3449385e+16
      200.000      2500.00   3.9066284e+38   1.0383151e+13
      200.000      3000.00   3.7702374e+38   7.9219596e+09
      200.000      3500.00   3.6005178e+38       5978643.9
      200.000      4000.00   3.3723448e+38       4427.5807
      200.000      5000.00   2.9477893e+38    0.0024186333
      200.000      5500.00   2.7667892e+38   1.7941060e-06
      200.000      6000.00   2.5745087e+38   1.3198139e-09
      200.000      7000.00   2.2340438e+38   7.1528372e-16
      200.000      8000.00   1.9304970e+38   3.8599684e-22
      200.000      10000.0   1.4521028e+38   1.1100998e-34
      300.000      0.00000   1.3541680e+39   3.9056030e+28
      300.000      50.0000   1.1106125e+39   2.4781120e+28
      300.000      100.000   7.9834894e+38   1.1347117e+28
      300.000      150.000   6.1119584e+38   5.0962042e+27
      300.000      200.000   5.1685018e+38   2.3391573e+27
      300.000      300.000   4.4952634e+38   5.2966889e+26
      300.000      400.000   4.3091358e+38   1.2418762e+26
      300.000      600.000   4.1901782e+38   6.9785029e+24
      300.000      800.000   4.1599260e+38   3.9804642e+23
      300.000      1000.00   4.1312122e+38   2.2704490e+22
      300.000      1500.00   4.0476342e+38   1.7582135e+19
      300.000      2000.00   3.9963594e+38   1.3726270e+16
      300.000      2500.00   3.9035519e+38   1.0598505e+13
      300.000      3000.00   3.7692120e+38   8.0860390e+09
      300.000      3500.00   3.5846226e+38       6081193.6
      300.000      4000.00   3.3687556e+38       4517.3115
      300.000      5000.00   2.9431746e+38    0.0024658060
      300.000      5500.00   2.7606363e+38   1.8284600e-06
      300.000      6000.00   2.5745087e+38   1.3480150e-09
      300.000      7000.00   2.2330184e+38   7.3015342e-16
      300.000      8000.00   1.9330607e+38   3.9471356e-22
      300.000      10000.0   1.4546666e+38   1.1357373e-34
      400.000      0.00000   1.3685249e+39   4.0260988e+28
      400.000      50.0000   1.1234313e+39   2.5596390e+28
      400.000      100.000   8.0347642e+38   1.1659894e+28
      400.000      150.000   6.1222134e+38   5.2095216e+27
      400.000      200.000   5.1736292e+38   2.3904321e+27
      400.000      300.000   4.4998781e+38   5.4094934e+26
      400.000      400.000   4.3122122e+38   1.2685391e+26
      400.000      600.000   4.1922293e+38   7.1271999e+24
      400.000      800.000   4.1614643e+38   4.0650677e+23
      400.000      1000.00   4.1327504e+38   2.3186473e+22
      400.000      1500.00   4.0491725e+38   1.7956442e+19
      400.000      2000.00   3.9943084e+38   1.4003153e+16
      400.000      2500.00   3.9020138e+38   1.0813859e+13
      400.000      3000.00   3.7645972e+38   8.2449909e+09
      400.000      3500.00   3.5764187e+38       6193998.2
      400.000      4000.00   3.3646536e+38       4606.0170
      400.000      5000.00   2.9385599e+38    0.0025134916
      400.000      5500.00   2.7539705e+38   1.8623014e-06
      400.000      6000.00   2.5714322e+38   1.3741651e-09
      400.000      7000.00   2.2319929e+38   7.4502312e-16
      400.000      8000.00   1.9351116e+38   4.0332773e-22
      400.000      10000.0   1.4633834e+38   1.1659894e-34
      600.000      0.00000   1.3941624e+39   4.2609374e+28
      600.000      50.0000   1.1475304e+39   2.7221801e+28
      600.000      100.000   8.1578237e+38   1.2331594e+28
      600.000      150.000   6.1427234e+38   5.4402583e+27
      600.000      200.000   5.1377369e+38   2.4714462e+27
      600.000      300.000   4.5116713e+38   5.6453576e+26
      600.000      400.000   4.3209290e+38   1.3228903e+26
      600.000      600.000   4.1999204e+38   7.4297213e+24
      600.000      800.000   4.1681301e+38   4.2378638e+23
      600.000      1000.00   4.1389034e+38   2.4165822e+22
      600.000      1500.00   4.0527617e+38   1.8705054e+19
      600.000      2000.00   3.9948212e+38   1.4577432e+16
      600.000      2500.00   3.8968863e+38   1.1239440e+13
      600.000      3000.00   3.7589570e+38   8.5680223e+09
      600.000      3500.00   3.5605235e+38       6419607.4
      600.000      4000.00   3.3574752e+38       4783.9406
      600.000      5000.00   2.9354834e+38    0.0026134776
      600.000      5500.00   2.7437156e+38   1.9310097e-06
      600.000      6000.00   2.5663047e+38   1.4274910e-09
      600.000      7000.00   2.2330184e+38   7.7630076e-16
      600.000      8000.00   1.9556216e+38   4.2419658e-22
      600.000      10000.0   1.4726128e+38   1.2213662e-34
      800.000      0.00000   1.4197997e+39   4.5009036e+28
      800.000      50.0000   1.1716296e+39   2.8903616e+28
      800.000      100.000   8.2603734e+38   1.2982785e+28
      800.000      150.000   6.1734882e+38   5.6863775e+27
      800.000      200.000   5.1685018e+38   2.5847636e+27
      800.000      300.000   4.5234646e+38   5.8863493e+26
      800.000      400.000   4.3301585e+38   1.3777543e+26
      800.000      600.000   4.2112009e+38   7.7424976e+24
      800.000      800.000   4.1819743e+38   4.4183511e+23
      800.000      1000.00   4.1522349e+38   2.5196447e+22
      800.000      1500.00   4.0599402e+38   1.9474176e+19
      800.000      2000.00   3.9968721e+38   1.5156836e+16
      800.000      2500.00   3.8958607e+38   1.1680404e+13
      800.000      3000.00   3.7461383e+38   8.8756712e+09
      800.000      3500.00   3.5528322e+38       6655471.5
      800.000      4000.00   3.3569624e+38       4970.0682
      800.000      5000.00   2.9252285e+38    0.0027067977
      800.000      5500.00   2.7349988e+38   2.0002307e-06
      800.000      6000.00   2.5693812e+38   1.4854315e-09
      800.000      7000.00   2.2499390e+38   8.1270589e-16
      800.000      8000.00   1.9494686e+38   4.3952775e-22
      800.000      10000.0   1.4751765e+38   1.2705900e-34
      1000.00      0.00000   1.4454372e+39   4.7434335e+28
      1000.00      50.0000   1.1962415e+39   3.0631577e+28
      1000.00      100.000   8.3526680e+38   1.3644229e+28
      1000.00      150.000   6.1683607e+38   5.8966043e+27
      1000.00      200.000   5.1992667e+38   2.6980809e+27
      1000.00      300.000   4.5337196e+38   6.1222134e+26
      1000.00      400.000   4.3383624e+38   1.4326184e+26
      1000.00      600.000   4.2281216e+38   8.0706565e+24
      1000.00      800.000   4.2045352e+38   4.6101190e+23
      1000.00      1000.00   4.1747958e+38   2.6288599e+22
      1000.00      1500.00   4.0783991e+38   2.0299701e+19
      1000.00      2000.00   3.9978977e+38   1.5731115e+16
      1000.00      2500.00   3.8912461e+38   1.2105985e+13
      1000.00      3000.00   3.7394726e+38   9.1935750e+09
      1000.00      3500.00   3.5471920e+38       6896463.1
      1000.00      4000.00   3.3456819e+38       5142.8644
      1000.00      5000.00   2.9221519e+38    0.0028057581
      1000.00      5500.00   2.7365371e+38   2.0771430e-06
      1000.00      6000.00   2.5555370e+38   1.5331171e-09
      1000.00      7000.00   2.2355821e+38   8.3783055e-16
      1000.00      8000.00   1.9428029e+38   4.5444873e-22
      1000.00      10000.0   1.4762020e+38   1.3187883e-34
      1500.00      0.00000   1.4982503e+39   5.3274537e+28
      1500.00      50.0000   1.2505929e+39   3.4989937e+28
      1500.00      100.000   8.5372574e+38   1.5259386e+28
      1500.00      150.000   6.2093806e+38   6.4862647e+27
      1500.00      200.000   5.2607964e+38   2.9811180e+27
      1500.00      300.000   4.5757648e+38   6.7375113e+26
      1500.00      400.000   4.4116855e+38   1.5895194e+26
      1500.00      600.000   4.3373370e+38   9.0294957e+24
      1500.00      800.000   4.3101613e+38   5.1531193e+23
      1500.00      1000.00   4.2691414e+38   2.9329196e+22
      1500.00      1500.00   4.1322377e+38   2.2442988e+19
      1500.00      2000.00   4.0271243e+38   1.7284742e+16
      1500.00      2500.00   3.8871440e+38   1.3187883e+13
      1500.00      3000.00   3.7153734e+38   9.9678249e+09
      1500.00      3500.00   3.5143761e+38       7450231.2
      1500.00      4000.00   3.3200446e+38       5563.3179
      1500.00      5000.00   2.8903616e+38    0.0030272653
      1500.00      5500.00   2.7078232e+38   2.2417351e-06
      1500.00      6000.00   2.5222083e+38   1.6505365e-09
      1500.00      7000.00   2.2109702e+38   9.0397506e-16
      1500.00      8000.00   1.9392137e+38   4.9480201e-22
      1500.00      10000.0   1.4690236e+38   1.4295420e-34
      2000.00      0.00000   1.5474740e+39   5.9222416e+28
      2000.00      50.0000   1.2962274e+39   3.9353423e+28
      2000.00      100.000   8.7577391e+38   1.7012985e+28
      2000.00      150.000   6.3375677e+38   7.1836022e+27
      2000.00      200.000   5.3223262e+38   3.2677442e+27
      2000.00      300.000   4.5860198e+38   7.3169167e+26
      2000.00      400.000   4.4173257e+38   1.7238594e+26
      2000.00      600.000   4.3506684e+38   9.8140004e+24
      2000.00      800.000   4.3306712e+38   5.6094652e+23
      2000.00      1000.00   4.2917024e+38   3.1939085e+22
      2000.00      1500.00   4.1532604e+38   2.4432451e+19
      2000.00      2000.00   4.0327645e+38   1.8751201e+16
      2000.00      2500.00   3.8717616e+38   1.4233890e+13
      2000.00      3000.00   3.6897360e+38   1.0721565e+10
      2000.00      3500.00   3.4846367e+38       8003999.2
      2000.00      4000.00   3.2769736e+38       5947.8791
      2000.00      5000.00   2.8683134e+38    0.0032544128
      2000.00      5500.00   2.6698798e+38   2.3945341e-06
      2000.00      6000.00   2.4863160e+38   1.7628283e-09
      2000.00      7000.00   2.1796926e+38   9.6550484e-16
      2000.00      8000.00   1.9263949e+38   5.3223262e-22
      2000.00      10000.0   1.4633834e+38   1.5382446e-34
      3000.00      0.00000   1.6207971e+39   7.0400327e+28
      3000.00      50.0000   1.3757034e+39   4.8300880e+28
      3000.00      100.000   9.0141132e+38   2.0371486e+28
      3000.00      150.000   6.5836868e+38   8.6500620e+27
      3000.00      200.000   5.4248759e+38   3.8502261e+27
      3000.00      300.000   4.5875581e+38   8.4500902e+26
      3000.00      400.000   4.4075834e+38   1.9848482e+26
      3000.00      600.000   4.3527194e+38   1.1326608e+25
      3000.00      800.000   4.3429772e+38   6.4913921e+23
      3000.00      1000.00   4.3111868e+38   3.7020420e+22
      3000.00      1500.00   4.1778722e+38   2.8360102e+19
      3000.00      2000.00   4.0102036e+38   2.1520042e+16
      3000.00      2500.00   3.8189486e+38   1.6197715e+13
      3000.00      3000.00   3.6138493e+38   1.2116240e+10
      3000.00      3500.00   3.4066990e+38       9029495.7
      3000.00      4000.00   3.1841663e+38       6670.8540
      3000.00      5000.00   2.7775569e+38    0.0036358974
      3000.00      5500.00   2.5827126e+38   2.6729563e-06
      3000.00      6000.00   2.4068400e+38   1.9689530e-09
      3000.00      7000.00   2.1150863e+38   1.0803604e-15
      3000.00      8000.00   1.8679416e+38   5.9478791e-22
      3000.00      10000.0   1.4480009e+38   1.7407802e-34
      4000.00      0.00000   1.6648934e+39   8.0655291e+28
      4000.00      50.0000   1.4223635e+39   5.6658675e+28
      4000.00      100.000   9.3935468e+38   2.4273499e+28
      4000.00      150.000   6.8298059e+38   1.0234454e+28
      4000.00      200.000   5.5274255e+38   4.4634730e+27
      4000.00      300.000   4.5803796e+38   9.5678813e+26
      4000.00      400.000   4.3824588e+38   2.2371204e+26
      4000.00      600.000   4.3373370e+38   1.2793068e+25
      4000.00      800.000   4.3260565e+38   7.3322992e+23
      4000.00      1000.00   4.2840111e+38   4.1691556e+22
      4000.00      1500.00   4.1219827e+38   3.1713476e+19
      4000.00      2000.00   3.9199600e+38   2.3837664e+16
      4000.00      2500.00   3.6912743e+38   1.7746215e+13
      4000.00      3000.00   3.4851494e+38   1.3244285e+10
      4000.00      3500.00   3.2621040e+38       9798617.9
      4000.00      4000.00   3.0595685e+38       7265.6419
      4000.00      5000.00   2.6606503e+38    0.0039481611
      4000.00      5500.00   2.4822139e+38   2.9108715e-06
      4000.00      6000.00   2.3176218e+38   2.1484149e-09
      4000.00      7000.00   2.0320211e+38   1.1757316e-15
      4000.00      8000.00   1.8002589e+38   6.4811372e-22
      4000.00      10000.0   1.4264655e+38   1.9120380e-34
      4500.00      0.00000   1.6700209e+39   8.4962375e+28
      4500.00      50.0000   1.4274910e+39   6.0196638e+28
      4500.00      100.000   9.5576263e+38   2.6262963e+28
      4500.00      150.000   6.9169731e+38   1.1013831e+28
      4500.00      200.000   5.5479355e+38   4.7552268e+27
      4500.00      300.000   4.5557677e+38   1.0085757e+27
      4500.00      400.000   4.3542576e+38   2.3540269e+26
      4500.00      600.000   4.3086230e+38   1.3454512e+25
      4500.00      800.000   4.2845239e+38   7.6860954e+23
      4500.00      1000.00   4.2286343e+38   4.3573341e+22
      4500.00      1500.00   4.0466087e+38   3.2959454e+19
      4500.00      2000.00   3.8333055e+38   2.4683698e+16
      4500.00      2500.00   3.5984668e+38   1.8315366e+13
      4500.00      3000.00   3.3887528e+38   1.3633974e+10
      4500.00      3500.00   3.1744241e+38       10096012.
      4500.00      4000.00   2.9765033e+38       7480.9961
      4500.00      5000.00   2.5934803e+38    0.0040742971
      4500.00      5500.00   2.4191460e+38   3.0036789e-06
      4500.00      6000.00   2.2632705e+38   2.2207125e-09
      4500.00      7000.00   1.9848482e+38   1.2152133e-15
      4500.00      8000.00   1.7643665e+38   6.7118738e-22
      4500.00      10000.0   1.4003153e+38   1.9643383e-34
      5000.00      0.00000   1.4987630e+39   6.7990410e+28
      5000.00      50.0000   1.3131481e+39   4.9869890e+28
      5000.00      100.000   9.0038582e+38   2.2489136e+28
      5000.00      150.000   6.6657265e+38   9.6653034e+27
      5000.00      200.000   5.4197484e+38   4.2255578e+27
      5000.00      300.000   4.4819319e+38   9.0192407e+26
      5000.00      400.000   4.2793964e+38   2.1017548e+26
      5000.00      600.000   4.2178666e+38   1.1962415e+25
      5000.00      800.000   4.1845380e+38   6.8195509e+23
      5000.00      1000.00   4.1178808e+38   3.8543282e+22
      5000.00      1500.00   3.9322659e+38   2.9093333e+19
      5000.00      2000.00   3.7102459e+38   2.1699503e+16
      5000.00      2500.00   3.4923279e+38   1.6146440e+13
      5000.00      3000.00   3.2769736e+38   1.1977798e+10
      5000.00      3500.00   3.0646960e+38       8855161.3
      5000.00      4000.00   2.8775429e+38       6573.4318
      5000.00      5000.00   2.5099024e+38    0.0035810333
      5000.00      5500.00   2.3535142e+38   2.6539846e-06
      5000.00      6000.00   2.1950750e+38   1.9556216e-09
      5000.00      7000.00   1.9289587e+38   1.0716437e-15
      5000.00      8000.00   1.7228339e+38   5.9324966e-22
      5000.00      10000.0   1.3741651e+38   1.7233467e-34
      6000.00      0.00000   1.1870121e+39   4.2983681e+28
      6000.00      50.0000   1.0762585e+39   3.3164553e+28
      6000.00      100.000   8.0757840e+38   1.6643806e+28
      6000.00      150.000   5.9735164e+38   7.1784747e+27
      6000.00      200.000   4.9690427e+38   3.2087782e+27
      6000.00      300.000   4.1747958e+38   6.9426106e+26
      6000.00      400.000   3.9855917e+38   1.6161823e+26
      6000.00      600.000   3.9030392e+38   9.1371727e+24
      6000.00      800.000   3.8435605e+38   5.1685018e+23
      6000.00      1000.00   3.7774159e+38   2.9170244e+22
      6000.00      1500.00   3.6056453e+38   2.2007152e+19
      6000.00      2000.00   3.3979823e+38   1.6397687e+16
      6000.00      2500.00   3.1969849e+38   1.2193152e+13
      6000.00      3000.00   3.0093191e+38   9.0756430e+09
      6000.00      3500.00   2.8124238e+38       6701618.8
      6000.00      4000.00   2.6457807e+38       4983.9124
      6000.00      5000.00   2.3432592e+38    0.0027565342
      6000.00      5500.00   2.1950750e+38   2.0397123e-06
      6000.00      6000.00   2.0602222e+38   1.5115817e-09
      6000.00      7000.00   1.8115394e+38   8.2603734e-16
      6000.00      8000.00   1.6213098e+38   4.5562804e-22
      6000.00      10000.0   1.3136608e+38   1.2977656e-34
      8000.00      0.00000   7.4502312e+38   1.7438566e+28
      8000.00      50.0000   6.8400609e+38   1.3910858e+28
      8000.00      100.000   5.7427798e+38   8.0142542e+27
      8000.00      150.000   4.7557395e+38   3.9071413e+27
      8000.00      200.000   4.0625039e+38   1.7982079e+27
      8000.00      300.000   3.4554100e+38   3.9302149e+26
      8000.00      400.000   3.3041494e+38   9.1423002e+25
      8000.00      600.000   3.2328774e+38   5.1479919e+24
      8000.00      800.000   3.1631436e+38   2.8918998e+23
      8000.00      1000.00   3.0795656e+38   1.6166950e+22
      8000.00      1500.00   2.8529309e+38   1.1839356e+19
      8000.00      2000.00   2.6268090e+38   8.6141696e+15
      8000.00      2500.00   2.4586276e+38   6.3683325e+12
      8000.00      3000.00   2.3330043e+38   4.7747112e+09
      8000.00      3500.00   2.2022535e+38       3558985.2
      8000.00      4000.00   2.0817576e+38       2655.5228
      8000.00      5000.00   1.8879389e+38    0.0014967120
      8000.00      5500.00   1.8002589e+38   1.1234313e-06
      8000.00      6000.00   1.7120662e+38   8.3885605e-10
      8000.00      7000.00   1.5392701e+38   4.6019150e-16
      8000.00      8000.00   1.3941624e+38   2.4868287e-22
      8000.00      10000.0   1.1675277e+38   6.4760097e-35
      10000.0      0.00000   4.3711784e+38   6.5888143e+27
      10000.0      50.0000   4.2296599e+38   5.5940828e+27
      10000.0      100.000   3.6748663e+38   3.3892656e+27
      10000.0      150.000   3.2190332e+38   1.7664175e+27
      10000.0      200.000   2.8944635e+38   8.5987871e+26
      10000.0      300.000   2.5627155e+38   1.9597236e+26
      10000.0      400.000   2.4263245e+38   4.5060311e+25
      10000.0      600.000   2.2776275e+38   2.4263245e+24
      10000.0      800.000   2.1940496e+38   1.3382728e+23
      10000.0      1000.00   2.1309815e+38   7.4553587e+21
      10000.0      1500.00   1.9704913e+38   5.4351308e+18
      10000.0      2000.00   1.8135904e+38   3.9425209e+15
      10000.0      2500.00   1.7038623e+38   2.9170244e+12
      10000.0      3000.00   1.6402815e+38   2.2084065e+09
      10000.0      3500.00   1.5818282e+38       1672071.9
      10000.0      4000.00   1.5259386e+38       1263.4116
      10000.0      5000.00   1.4228762e+38   0.00071630922
      10000.0      5500.00   1.3710887e+38   5.3479637e-07
      10000.0      6000.00   1.3264795e+38   3.9830279e-10
      10000.0      7000.00   1.2295702e+38   2.1402109e-16
      10000.0      8000.00   1.1316352e+38   1.0942046e-22
      10000.0      10000.0   9.9575699e+37   2.4396559e-35
      12000.0      0.00000   2.2822422e+38   1.9725422e+27
      12000.0      50.0000   2.2319929e+38   1.6997602e+27
      12000.0      100.000   2.0632987e+38   1.1059979e+27
      12000.0      150.000   1.8699927e+38   6.0145363e+26
      12000.0      200.000   1.7115535e+38   2.9939367e+26
      12000.0      300.000   1.5156836e+38   6.8656983e+25
      12000.0      400.000   1.4213380e+38   1.5659330e+25
      12000.0      600.000   1.3254541e+38   8.3680505e+23
      12000.0      800.000   1.2721283e+38   4.5808923e+22
      12000.0      1000.00   1.2429016e+38   2.5560497e+21
      12000.0      1500.00   1.1541962e+38   1.8540975e+18
      12000.0      2000.00   1.1116381e+38   1.3926241e+15
      12000.0      2500.00   1.0690800e+38   1.0424171e+12
      12000.0      3000.00   1.0475446e+38   7.9168321e+08
      12000.0      3500.00   1.0280601e+38       599402.64
      12000.0      4000.00   1.0162669e+38       454.19235
      12000.0      5000.00   1.0070375e+38   0.00025909166
      12000.0      5500.00   9.9011676e+37   1.9089616e-07
      12000.0      6000.00   9.6755584e+37   1.3823691e-10
      12000.0      7000.00   9.3166347e+37   7.0451601e-17
      12000.0      8000.00   8.8141414e+37   3.3195318e-23
      12000.0      10000.0   7.8553023e+37   5.7479073e-36
      15000.0      0.00000   4.6854929e+37   8.1065489e+25
      15000.0      50.0000   4.5947365e+37   7.0195227e+25
      15000.0      100.000   4.4152747e+37   4.7726602e+25
      15000.0      150.000   4.2106881e+37   2.7473048e+25
      15000.0      200.000   4.0358410e+37   1.4418480e+25
      15000.0      300.000   3.7974132e+37   3.5507812e+24
      15000.0      400.000   3.6630731e+37   8.4090703e+23
      15000.0      600.000   3.5112996e+37   4.6921587e+22
      15000.0      800.000   3.4343873e+37   2.6580866e+21
      15000.0      1000.00   3.5487302e+37   1.5925959e+20
      15000.0      1500.00   3.8891950e+37   1.4290292e+17
      15000.0      2000.00   4.3419517e+37   1.3413493e+14
      15000.0      2500.00   4.4229659e+37   1.1982925e+11
      15000.0      3000.00   4.6275525e+37   1.1629129e+08
      15000.0      3500.00   4.8546999e+37       120700.92
      15000.0      4000.00   4.9957057e+37       130.75079
      15000.0      5000.00   5.3530911e+37   0.00017694940
      15000.0      5500.00   5.5017880e+37   2.1120098e-07
      15000.0      6000.00   5.5120430e+37   2.4668316e-10
      15000.0      7000.00   5.5940828e+37   3.3220955e-16
      15000.0      8000.00   5.6351026e+37   4.1671045e-22
      15000.0      10000.0   5.1685018e+37   4.4973144e-34
      18000.0      0.00000   6.8041685e+36   4.6475496e+23
      18000.0      50.0000   6.9015906e+36   4.1645408e+23
      18000.0      100.000   7.1271999e+36   3.0467497e+23
      18000.0      150.000   7.5579083e+36   1.9540834e+23
      18000.0      200.000   8.1629512e+36   1.1588109e+23
      18000.0      300.000   9.1628102e+36   3.4328492e+22
      18000.0      400.000   9.8447652e+36   9.1730652e+21
      18000.0      600.000   9.2243400e+36   5.2351591e+20
      18000.0      800.000   8.3372856e+36   2.9929112e+19
      18000.0      1000.00   8.7115918e+36   2.1243157e+18
      18000.0      1500.00   1.1198421e+37   5.1479919e+15
      18000.0      2000.00   1.4331312e+37   2.0920126e+13
      18000.0      2500.00   1.6377177e+37   9.0551330e+10
      18000.0      3000.00   1.8910153e+37   4.0599402e+08
      18000.0      3500.00   2.2376331e+37       1846919.0
      18000.0      4000.00   2.4237607e+37       7557.9083
      18000.0      5000.00   2.7703785e+37      0.11624002
      18000.0      5500.00   2.8949763e+37   0.00043193907
      18000.0      6000.00   3.0170104e+37   1.5664457e-06
      18000.0      7000.00   3.2918434e+37   1.9310097e-11
      18000.0      8000.00   3.4179794e+37   2.0525310e-16
      18000.0      10000.0   3.4466933e+37   1.5628565e-26
      24000.0      0.00000   2.3929958e+36   5.3684735e+17
      24000.0      50.0000   2.5924549e+36   5.1326094e+17
      24000.0      100.000   2.7831971e+36   3.9009882e+17
      24000.0      150.000   3.0390585e+36   2.5729705e+17
      24000.0      200.000   3.4528463e+36   1.6043890e+17
      24000.0      300.000   4.4916742e+36   5.5274255e+16
      24000.0      400.000   4.7480483e+36   1.4746638e+16
      24000.0      600.000   4.4403994e+36   9.3884193e+14
      24000.0      800.000   4.3563086e+36   8.2347360e+13
      24000.0      1000.00   5.0157028e+36   1.2434144e+13
      24000.0      1500.00   5.5787003e+36   2.0345849e+11
      24000.0      2000.00   3.8953480e+36   2.5268231e+09
      24000.0      2500.00   4.0460960e+36       45860198.
      24000.0      3000.00   1.2931510e+36       249093.07
      24000.0      3500.00   1.9956160e+36       6352.9501
      24000.0      4000.00   4.1271102e+36       210.94461
      24000.0      5000.00   9.1474277e+36      0.11054851
      24000.0      5500.00   1.1352245e+37    0.0020176641
      24000.0      6000.00   1.2741793e+37   3.2339028e-05
      24000.0      7000.00   1.4105703e+37   6.6554715e-09
      24000.0      8000.00   1.4562049e+37   1.1270206e-12
      24000.0      10000.0   1.5531143e+37   2.1791798e-20
