face-on central tau B
      3.78000
sfr
     0.950000
old
     0.350000
bd
      2.00000
      tau1
      3.17000
   hd [pc]
      5200.00
   zd [pc]
      140.000
 hdin [pc]
      4500.00
 zdin [pc]
      140.000
   hdsolar [pc]
      8000.00
   zdsolar [pc]
      140.000
      tau2
     0.610000
  hd1 [pc]
      3200.00
  zd1 [pc]
      50.0000
hd1in [pc]
      4500.00
zd1in [pc]
      67.0000
  hd1solar [pc]
      8000.00
  zd1solar [pc]
      90.0000
   hs [pc]
      3200.00
   zs [pc]
      140.000
 hsin [pc]
      4500.00
 zsin [pc]
      170.000
   hssolar [pc]
      8000.00
   zssolar [pc]
      300.000
 rtruncate [pc]
      14000.0
  hs1 [pc]
      3200.00
  zs1 [pc]
      50.0000
hs1in [pc]
      4500.00
zs1in [pc]
      67.0000
  hs1solar [pc]
      8000.00
  zs1solar [pc]
      90.0000
rtruncate1 [pc]
      14000.0
   ifinns2
           3
   ifinns1
           3
   ifinnd1
           3
   ifinnd2
           3
    idisk1
           3
    idisk2
           3
nposition in r
          23
nposition in z
          22
          
    r(pc)      z(pc)   urad(erg/pc3/A)        eabs(erg/s/pc3/A)
      0.00000      0.00000   2.2700003e+39   8.9519436e+28
      0.00000      50.0000   1.8217990e+39   5.5451311e+28
      0.00000      100.000   1.2884275e+39   2.4977251e+28
      0.00000      150.000   1.0069426e+39   1.1452689e+28
      0.00000      200.000   8.6982447e+38   5.3729783e+27
      0.00000      300.000   7.6049238e+38   1.2225866e+27
      0.00000      400.000   7.2364564e+38   2.8456550e+26
      0.00000      600.000   7.0008790e+38   1.5910540e+25
      0.00000      800.000   6.8740296e+38   8.9821458e+23
      0.00000      1000.00   6.8015442e+38   5.1017622e+22
      0.00000      1500.00   6.6082499e+38   3.9172304e+19
      0.00000      2000.00   6.5418050e+38   3.0679435e+16
      0.00000      2500.00   6.4270365e+38   2.3805405e+13
      0.00000      3000.00   6.2156208e+38   1.8205910e+10
      0.00000      3500.00   5.9522572e+38       13784302.
      0.00000      4000.00   5.6441944e+38       10329.166
      0.00000      5000.00   4.9954503e+38    0.0057136596
      0.00000      5500.00   4.6994684e+38   4.2488510e-06
      0.00000      6000.00   4.4107350e+38   3.1519056e-09
      0.00000      7000.00   3.8211873e+38   1.7064265e-15
      0.00000      8000.00   3.3300989e+38   9.2841684e-22
      0.00000      10000.0   2.4844362e+38   2.6475283e-34
      50.0000      0.00000   2.2760407e+39   9.0727526e+28
      50.0000      50.0000   1.8248193e+39   5.6176164e+28
      50.0000      100.000   1.2890316e+39   2.5267193e+28
      50.0000      150.000   1.0069426e+39   1.1579539e+28
      50.0000      200.000   8.6861640e+38   5.4249261e+27
      50.0000      300.000   7.5928429e+38   1.2340635e+27
      50.0000      400.000   7.2304160e+38   2.8758572e+26
      50.0000      600.000   6.9767172e+38   1.6031349e+25
      50.0000      800.000   6.8740296e+38   9.0787934e+23
      50.0000      1000.00   6.8015442e+38   5.1597505e+22
      50.0000      1500.00   6.6022094e+38   3.9583054e+19
      50.0000      2000.00   6.5478454e+38   3.1047902e+16
      50.0000      2500.00   6.4149556e+38   2.4028901e+13
      50.0000      3000.00   6.2216613e+38   1.8417326e+10
      50.0000      3500.00   5.9564856e+38       13947394.
      50.0000      4000.00   5.6454025e+38       10449.975
      50.0000      5000.00   4.9954503e+38    0.0057770843
      50.0000      5500.00   4.6994684e+38   4.2959665e-06
      50.0000      6000.00   4.4077147e+38   3.1851281e-09
      50.0000      7000.00   3.8139387e+38   1.7221317e-15
      50.0000      8000.00   3.3319110e+38   9.3868560e-22
      50.0000      10000.0   2.4892685e+38   2.6825628e-34
      100.000      0.00000   2.2863095e+39   9.2116832e+28
      100.000      50.0000   1.8320678e+39   5.7015787e+28
      100.000      100.000   1.2920518e+39   2.5599418e+28
      100.000      150.000   1.0075467e+39   1.1712428e+28
      100.000      200.000   8.6801232e+38   5.4841226e+27
      100.000      300.000   7.5928429e+38   1.2473525e+27
      100.000      400.000   7.2304160e+38   2.9066635e+26
      100.000      600.000   6.9827577e+38   1.6224643e+25
      100.000      800.000   6.8800701e+38   9.1875209e+23
      100.000      1000.00   6.8015442e+38   5.2153226e+22
      100.000      1500.00   6.6022094e+38   4.0011926e+19
      100.000      2000.00   6.5418050e+38   3.1355964e+16
      100.000      2500.00   6.4149556e+38   2.4294681e+13
      100.000      3000.00   6.2035399e+38   1.8568337e+10
      100.000      3500.00   5.9607139e+38       14104445.
      100.000      4000.00   5.6387580e+38       10546.622
      100.000      5000.00   4.9869937e+38    0.0058302402
      100.000      5500.00   4.6982603e+38   4.3418738e-06
      100.000      6000.00   4.4131512e+38   3.2237870e-09
      100.000      7000.00   3.8308520e+38   1.7481056e-15
      100.000      8000.00   3.3331191e+38   9.4955842e-22
      100.000      10000.0   2.4928928e+38   2.7157853e-34
      150.000      0.00000   2.2983904e+39   9.3566537e+28
      150.000      50.0000   1.8405245e+39   5.7903732e+28
      150.000      100.000   1.2956760e+39   2.5955804e+28
      150.000      150.000   1.0087548e+39   1.1857399e+28
      150.000      200.000   8.6861640e+38   5.5451311e+27
      150.000      300.000   7.5868024e+38   1.2606415e+27
      150.000      400.000   7.2183351e+38   2.9338455e+26
      150.000      600.000   6.9767172e+38   1.6393776e+25
      150.000      800.000   6.8800701e+38   9.2902084e+23
      150.000      1000.00   6.7894633e+38   5.2636462e+22
      150.000      1500.00   6.6022094e+38   4.0458919e+19
      150.000      2000.00   6.5418050e+38   3.1688189e+16
      150.000      2500.00   6.4149556e+38   2.4554420e+13
      150.000      3000.00   6.2035399e+38   1.8773712e+10
      150.000      3500.00   5.9637341e+38       14267537.
      150.000      4000.00   5.6296973e+38       10649.309
      150.000      5000.00   4.9821614e+38    0.0058882285
      150.000      5500.00   4.6970522e+38   4.3883853e-06
      150.000      6000.00   4.4161714e+38   3.2612378e-09
      150.000      7000.00   3.8296439e+38   1.7668310e-15
      150.000      8000.00   3.3379514e+38   9.6163925e-22
      150.000      10000.0   2.4953090e+38   2.7484037e-34
      200.000      0.00000   2.3104713e+39   9.5076650e+28
      200.000      50.0000   1.8495851e+39   5.8815840e+28
      200.000      100.000   1.2999043e+39   2.6330312e+28
      200.000      150.000   1.0099629e+39   1.2002370e+28
      200.000      200.000   8.6922047e+38   5.6085558e+27
      200.000      300.000   7.5868024e+38   1.2739305e+27
      200.000      400.000   7.2243756e+38   2.9670679e+26
      200.000      600.000   6.9585959e+38   1.6526665e+25
      200.000      800.000   6.8800701e+38   9.3868560e+23
      200.000      1000.00   6.7894633e+38   5.3198224e+22
      200.000      1500.00   6.6022094e+38   4.0875710e+19
      200.000      2000.00   6.5357645e+38   3.1996252e+16
      200.000      2500.00   6.4028747e+38   2.4789998e+13
      200.000      3000.00   6.2035399e+38   1.8973046e+10
      200.000      3500.00   5.9540694e+38       14400427.
      200.000      4000.00   5.6248650e+38       10751.997
      200.000      5000.00   4.9755168e+38    0.0059431966
      200.000      5500.00   4.6976563e+38   4.4355008e-06
      200.000      6000.00   4.4119430e+38   3.2932521e-09
      200.000      7000.00   3.8290399e+38   1.7855563e-15
      200.000      8000.00   3.3403677e+38   9.7251208e-22
      200.000      10000.0   2.4983292e+38   2.7810221e-34
      300.000      0.00000   2.3364452e+39   9.8096876e+28
      300.000      50.0000   1.8689145e+39   6.0706500e+28
      300.000      100.000   1.3083610e+39   2.7073287e+28
      300.000      150.000   1.0147952e+39   1.2310433e+28
      300.000      200.000   8.6982447e+38   5.7317809e+27
      300.000      300.000   7.5686811e+38   1.2980923e+27
      300.000      400.000   7.2183351e+38   3.0286805e+26
      300.000      600.000   6.9465150e+38   1.6846809e+25
      300.000      800.000   6.8740296e+38   9.5741095e+23
      300.000      1000.00   6.7955037e+38   5.4357990e+22
      300.000      1500.00   6.6142903e+38   4.1824061e+19
      300.000      2000.00   6.5357645e+38   3.2678822e+16
      300.000      2500.00   6.4089151e+38   2.5333638e+13
      300.000      3000.00   6.1974994e+38   1.9365676e+10
      300.000      3500.00   5.9383642e+38       14666208.
      300.000      4000.00   5.6194286e+38       10969.453
      300.000      5000.00   4.9676642e+38    0.0060585691
      300.000      5500.00   4.6934279e+38   4.5261075e-06
      300.000      6000.00   4.3986541e+38   3.3530526e-09
      300.000      7000.00   3.8278318e+38   1.8230071e-15
      300.000      8000.00   3.3524486e+38   9.9667389e-22
      300.000      10000.0   2.5098060e+38   2.8529035e-34
      400.000      0.00000   2.3612110e+39   1.0111709e+29
      400.000      50.0000   1.8882439e+39   6.2639443e+28
      400.000      100.000   1.3180257e+39   2.7852504e+28
      400.000      150.000   1.0184195e+39   1.2618495e+28
      400.000      200.000   8.6861640e+38   5.8435292e+27
      400.000      300.000   7.5626406e+38   1.3240661e+27
      400.000      400.000   7.2243756e+38   3.0945214e+26
      400.000      600.000   6.9465150e+38   1.7197155e+25
      400.000      800.000   6.8740296e+38   9.7734446e+23
      400.000      1000.00   6.8015442e+38   5.5553998e+22
      400.000      1500.00   6.6142903e+38   4.2712006e+19
      400.000      2000.00   6.5297241e+38   3.3331191e+16
      400.000      2500.00   6.4149556e+38   2.5883319e+13
      400.000      3000.00   6.1854185e+38   1.9734143e+10
      400.000      3500.00   5.9419885e+38       14980310.
      400.000      4000.00   5.6025153e+38       11162.748
      400.000      5000.00   4.9592076e+38    0.0061733376
      400.000      5500.00   4.6759106e+38   4.6028212e-06
      400.000      6000.00   4.4040905e+38   3.4267461e-09
      400.000      7000.00   3.8356843e+38   1.8646862e-15
      400.000      8000.00   3.3560728e+38   1.0184195e-21
      400.000      10000.0   2.5218869e+38   2.9259929e-34
      600.000      0.00000   2.4083265e+39   1.0715755e+29
      600.000      50.0000   1.9250907e+39   6.6505330e+28
      600.000      100.000   1.3385632e+39   2.9453224e+28
      600.000      150.000   1.0244599e+39   1.3216500e+28
      600.000      200.000   8.7042855e+38   6.0948118e+27
      600.000      300.000   7.5445193e+38   1.3754100e+27
      600.000      400.000   7.1700115e+38   3.1966050e+26
      600.000      600.000   6.9525554e+38   1.7915968e+25
      600.000      800.000   6.8740296e+38   1.0178155e+24
      600.000      1000.00   6.8075846e+38   5.7873530e+22
      600.000      1500.00   6.6203308e+38   4.4493938e+19
      600.000      2000.00   6.5297241e+38   3.4678211e+16
      600.000      2500.00   6.3907938e+38   2.6825628e+13
      600.000      3000.00   6.1854185e+38   2.0531482e+10
      600.000      3500.00   5.9353440e+38       15572275.
      600.000      4000.00   5.5813737e+38       11579.539
      600.000      5000.00   4.9416904e+38    0.0064028747
      600.000      5500.00   4.6656419e+38   4.7804104e-06
      600.000      6000.00   4.3805328e+38   3.5475550e-09
      600.000      7000.00   3.8368924e+38   1.9413999e-15
      600.000      8000.00   3.3705698e+38   1.0649309e-21
      600.000      10000.0   2.5412164e+38   3.0679435e-34
      800.000      0.00000   2.4530258e+39   1.1319799e+29
      800.000      50.0000   1.9619374e+39   7.0431621e+28
      800.000      100.000   1.3584967e+39   3.1102266e+28
      800.000      150.000   1.0329166e+39   1.3850747e+28
      800.000      200.000   8.7284470e+38   6.3545510e+27
      800.000      300.000   7.4901553e+38   1.4182971e+27
      800.000      400.000   7.1579306e+38   3.3168099e+26
      800.000      600.000   6.9404745e+38   1.8580418e+25
      800.000      800.000   6.8861105e+38   1.0594946e+24
      800.000      1000.00   6.8257060e+38   6.0313871e+22
      800.000      1500.00   6.6203308e+38   4.6239628e+19
      800.000      2000.00   6.5297241e+38   3.6049392e+16
      800.000      2500.00   6.3847533e+38   2.7864586e+13
      800.000      3000.00   6.1914590e+38   2.1346942e+10
      800.000      3500.00   5.9377602e+38       16194441.
      800.000      4000.00   5.5747293e+38       12014.451
      800.000      5000.00   4.9441065e+38    0.0066626139
      800.000      5500.00   4.6596014e+38   4.9616238e-06
      800.000      6000.00   4.3775126e+38   3.6846732e-09
      800.000      7000.00   3.8803836e+38   2.0404632e-15
      800.000      8000.00   3.3596971e+38   1.1029858e-21
      800.000      10000.0   2.5641701e+38   3.2159344e-34
      1000.00      0.00000   2.4959131e+39   1.1929884e+29
      1000.00      50.0000   1.9981802e+39   7.4478722e+28
      1000.00      100.000   1.3796383e+39   3.2799631e+28
      1000.00      150.000   1.0383530e+39   1.4454792e+28
      1000.00      200.000   8.7405277e+38   6.6022094e+27
      1000.00      300.000   7.4720339e+38   1.4684328e+27
      1000.00      400.000   7.1216879e+38   3.4243298e+26
      1000.00      600.000   6.9404745e+38   1.9287150e+25
      1000.00      800.000   6.8981914e+38   1.1017776e+24
      1000.00      1000.00   6.8438274e+38   6.2760252e+22
      1000.00      1500.00   6.6626139e+38   4.8305461e+19
      1000.00      2000.00   6.5176432e+38   3.7342048e+16
      1000.00      2500.00   6.3907938e+38   2.8933745e+13
      1000.00      3000.00   6.1793781e+38   2.2120120e+10
      1000.00      3500.00   5.9256793e+38       16768283.
      1000.00      4000.00   5.5904344e+38       12503.727
      1000.00      5000.00   4.9428984e+38    0.0069102722
      1000.00      5500.00   4.6559772e+38   5.1452534e-06
      1000.00      6000.00   4.3865732e+38   3.8314560e-09
      1000.00      7000.00   3.8683027e+38   2.1105324e-15
      1000.00      8000.00   3.3657375e+38   1.1464770e-21
      1000.00      10000.0   2.5762510e+38   3.3512404e-34
      1500.00      0.00000   2.5901440e+39   1.3415834e+29
      1500.00      50.0000   2.0809343e+39   8.4807889e+28
      1500.00      100.000   1.4219214e+39   3.6997742e+28
      1500.00      150.000   1.0528500e+39   1.6013227e+28
      1500.00      200.000   8.7103255e+38   7.1820924e+27
      1500.00      300.000   7.4297508e+38   1.5928661e+27
      1500.00      400.000   7.1700115e+38   3.7595747e+26
      1500.00      600.000   7.0673239e+38   2.1419428e+25
      1500.00      800.000   7.0310812e+38   1.2243988e+24
      1500.00      1000.00   6.9706768e+38   6.9706768e+22
      1500.00      1500.00   6.7169779e+38   5.3119698e+19
      1500.00      2000.00   6.5720072e+38   4.1056924e+16
      1500.00      2500.00   6.3847533e+38   3.1549259e+13
      1500.00      3000.00   6.1431354e+38   2.3992658e+10
      1500.00      3500.00   5.8972892e+38       18205910.
      1500.00      4000.00   5.5735212e+38       13603.089
      1500.00      5000.00   4.9223609e+38    0.0075082766
      1500.00      5500.00   4.6173183e+38   5.5656686e-06
      1500.00      6000.00   4.3279809e+38   4.1238137e-09
      1500.00      7000.00   3.8465572e+38   2.2899338e-15
      1500.00      8000.00   3.3621132e+38   1.2491646e-21
      1500.00      10000.0   2.5653782e+38   3.6339334e-34
      2000.00      0.00000   2.6704819e+39   1.4871583e+29
      2000.00      50.0000   2.1564398e+39   9.5318265e+28
      2000.00      100.000   1.4678288e+39   4.1522038e+28
      2000.00      150.000   1.0673472e+39   1.7613946e+28
      2000.00      200.000   8.6559617e+38   7.7438541e+27
      2000.00      300.000   7.3331037e+38   1.7034063e+27
      2000.00      400.000   7.0612835e+38   4.0132735e+26
      2000.00      600.000   6.9948386e+38   2.2959742e+25
      2000.00      800.000   6.9827577e+38   1.3168176e+24
      2000.00      1000.00   6.9283936e+38   7.5082766e+22
      2000.00      1500.00   6.7290588e+38   5.7643994e+19
      2000.00      2000.00   6.5720072e+38   4.4475818e+16
      2000.00      2500.00   6.3726724e+38   3.4098328e+13
      2000.00      3000.00   6.1250141e+38   2.5919561e+10
      2000.00      3500.00   5.8332604e+38       19510646.
      2000.00      4000.00   5.5203652e+38       14593.722
      2000.00      5000.00   4.8873263e+38    0.0080760788
      2000.00      5500.00   4.5726190e+38   5.9709827e-06
      2000.00      6000.00   4.2844896e+38   4.4222119e-09
      2000.00      7000.00   3.8012538e+38   2.4512137e-15
      2000.00      8000.00   3.3452000e+38   1.3458118e-21
      2000.00      10000.0   2.5557134e+38   3.9111900e-34
      3000.00      0.00000   2.7882707e+39   1.7638108e+29
      3000.00      50.0000   2.2844974e+39   1.1676185e+29
      3000.00      100.000   1.5421263e+39   5.0739761e+28
      3000.00      150.000   1.0872806e+39   2.0803303e+28
      3000.00      200.000   8.6197187e+38   8.9096606e+27
      3000.00      300.000   7.1337688e+38   1.9130098e+27
      3000.00      400.000   6.8679892e+38   4.5031538e+26
      3000.00      600.000   6.8257060e+38   2.5865198e+25
      3000.00      800.000   6.8377869e+38   1.4889704e+24
      3000.00      1000.00   6.8136251e+38   8.5170312e+22
      3000.00      1500.00   6.6807352e+38   6.6022094e+19
      3000.00      2000.00   6.5055623e+38   5.0830368e+16
      3000.00      2500.00   6.2760252e+38   3.8743432e+13
      3000.00      3000.00   6.0036011e+38   2.9308253e+10
      3000.00      3500.00   5.7082231e+38       22029513.
      3000.00      4000.00   5.3917037e+38       16448.139
      3000.00      5000.00   4.7423556e+38    0.0090365096
      3000.00      5500.00   4.4216078e+38   6.6626139e-06
      3000.00      6000.00   4.1515998e+38   4.9441065e-09
      3000.00      7000.00   3.6472224e+38   2.7127651e-15
      3000.00      8000.00   3.2479488e+38   1.5058836e-21
      3000.00      10000.0   2.5279274e+38   4.4240239e-34
      4000.00      0.00000   2.8577359e+39   2.0150934e+29
      4000.00      50.0000   2.3823526e+39   1.3814504e+29
      4000.00      100.000   1.6164238e+39   6.0827309e+28
      4000.00      150.000   1.1108383e+39   2.4240317e+28
      4000.00      200.000   8.6076380e+38   1.0117750e+28
      4000.00      300.000   6.9767172e+38   2.1226133e+27
      4000.00      400.000   6.7169779e+38   4.9930341e+26
      4000.00      600.000   6.7532206e+38   2.8994150e+25
      4000.00      800.000   6.7653016e+38   1.6689758e+24
      4000.00      1000.00   6.7048970e+38   9.4955842e+22
      4000.00      1500.00   6.5297241e+38   7.3089418e+19
      4000.00      2000.00   6.3062275e+38   5.5813737e+16
      4000.00      2500.00   6.0887714e+38   4.2615359e+13
      4000.00      3000.00   5.7927895e+38   3.2044576e+10
      4000.00      3500.00   5.4992237e+38       24053063.
      4000.00      4000.00   5.1615626e+38       17843.483
      4000.00      5000.00   4.5466451e+38    0.0098217683
      4000.00      5500.00   4.2367701e+38   7.2364564e-06
      4000.00      6000.00   3.9643459e+38   5.3500246e-09
      4000.00      7000.00   3.4756737e+38   2.9278051e-15
      4000.00      8000.00   3.1126428e+38   1.6315250e-21
      4000.00      10000.0   2.4783957e+38   4.8371906e-34
      4500.00      0.00000   2.8643803e+39   2.1220093e+29
      4500.00      50.0000   2.4095347e+39   1.4793057e+29
      4500.00      100.000   1.6411896e+39   6.5659668e+28
      4500.00      150.000   1.1247314e+39   2.6070573e+28
      4500.00      200.000   8.6257595e+38   1.0758038e+28
      4500.00      300.000   6.9465150e+38   2.2385899e+27
      4500.00      400.000   6.6565735e+38   5.2382763e+26
      4500.00      600.000   6.6867757e+38   3.0401574e+25
      4500.00      800.000   6.7048970e+38   1.7511259e+24
      4500.00      1000.00   6.6384521e+38   9.9606981e+22
      4500.00      1500.00   6.5055623e+38   7.7196923e+19
      4500.00      2000.00   6.2639443e+38   5.8731274e+16
      4500.00      2500.00   5.9148065e+38   4.3835529e+13
      4500.00      3000.00   5.6248650e+38   3.2950643e+10
      4500.00      3500.00   5.3325073e+38       24693350.
      4500.00      4000.00   5.0359214e+38       18435.446
      4500.00      5000.00   4.4089228e+38     0.010081507
      4500.00      5500.00   4.1286461e+38   7.4659934e-06
      4500.00      6000.00   3.8779675e+38   5.5402987e-09
      4500.00      7000.00   3.4146651e+38   3.0431776e-15
      4500.00      8000.00   3.0468019e+38   1.6877011e-21
      4500.00      10000.0   2.4379248e+38   4.9779330e-34
      5000.00      0.00000   2.5677943e+39   1.6955537e+29
      5000.00      50.0000   2.1987230e+39   1.2159422e+29
      5000.00      100.000   1.5668921e+39   5.6985585e+28
      5000.00      150.000   1.1090263e+39   2.3406735e+28
      5000.00      200.000   8.6801232e+38   9.8519706e+27
      5000.00      300.000   6.9585959e+38   2.0386512e+27
      5000.00      400.000   6.6626139e+38   4.7665173e+26
      5000.00      600.000   6.6626139e+38   2.7508199e+25
      5000.00      800.000   6.6444926e+38   1.5765569e+24
      5000.00      1000.00   6.5720072e+38   8.9519436e+22
      5000.00      1500.00   6.4209960e+38   6.9223532e+19
      5000.00      2000.00   6.1189737e+38   5.2080741e+16
      5000.00      2500.00   5.7553387e+38   3.8737392e+13
      5000.00      3000.00   5.4188858e+38   2.8837098e+10
      5000.00      3500.00   5.1337766e+38       21594601.
      5000.00      4000.00   4.8547079e+38       16140.077
      5000.00      5000.00   4.2905301e+38    0.0089096606
      5000.00      5500.00   4.0150857e+38   6.5901285e-06
      5000.00      6000.00   3.7770920e+38   4.8994072e-09
      5000.00      7000.00   3.3234544e+38   2.6873952e-15
      5000.00      8000.00   2.9700882e+38   1.4895744e-21
      5000.00      10000.0   2.3962456e+38   4.3757004e-34
      6000.00      0.00000   2.0350269e+39   1.0727835e+29
      6000.00      50.0000   1.8000535e+39   8.0760788e+28
      6000.00      100.000   1.3645372e+39   4.0948195e+28
      6000.00      150.000   1.0305004e+39   1.8018655e+28
      6000.00      200.000   8.3962221e+38   7.8948652e+27
      6000.00      300.000   6.8981914e+38   1.6695797e+27
      6000.00      400.000   6.5659668e+38   3.8779675e+26
      6000.00      600.000   6.4995218e+38   2.2150322e+25
      6000.00      800.000   6.4511983e+38   1.2630576e+24
      6000.00      1000.00   6.3726724e+38   7.1639711e+22
      6000.00      1500.00   6.0887714e+38   5.4092210e+19
      6000.00      2000.00   5.7052029e+38   4.0078371e+16
      6000.00      2500.00   5.3488166e+38   2.9700882e+13
      6000.00      3000.00   5.0256525e+38   2.2059715e+10
      6000.00      3500.00   4.7248382e+38       16393776.
      6000.00      4000.00   4.4167754e+38       12111.098
      6000.00      5000.00   3.9528691e+38    0.0067713420
      6000.00      5500.00   3.7015864e+38   5.0081352e-06
      6000.00      6000.00   3.4696332e+38   3.7064188e-09
      6000.00      7000.00   3.0987497e+38   2.0573765e-15
      6000.00      8000.00   2.7894788e+38   1.1410406e-21
      6000.00      10000.0   2.2941621e+38   3.3005006e-34
      8000.00      0.00000   1.2533929e+39   4.2718046e+28
      8000.00      50.0000   1.1869480e+39   3.5137285e+28
      8000.00      100.000   9.6224333e+38   1.9540848e+28
      8000.00      150.000   7.9009060e+38   9.4472605e+27
      8000.00      200.000   6.8317464e+38   4.4004662e+27
      8000.00      300.000   5.8604424e+38   9.7069993e+26
      8000.00      400.000   5.5886223e+38   2.2506708e+26
      8000.00      600.000   5.4327787e+38   1.2594334e+25
      8000.00      800.000   5.2811635e+38   7.0310812e+23
      8000.00      1000.00   5.1549182e+38   3.9401841e+22
      8000.00      1500.00   4.7997398e+38   2.8994150e+19
      8000.00      2000.00   4.4131512e+38   2.1063041e+16
      8000.00      2500.00   4.1546200e+38   1.5668921e+13
      8000.00      3000.00   3.9353517e+38   1.1724509e+10
      8000.00      3500.00   3.7130633e+38       8734487.8
      8000.00      4000.00   3.5203730e+38       6535.7645
      8000.00      5000.00   3.1863362e+38    0.0036780287
      8000.00      5500.00   3.0401574e+38   2.7616927e-06
      8000.00      6000.00   2.8969987e+38   2.0664372e-09
      8000.00      7000.00   2.6100775e+38   1.1362082e-15
      8000.00      8000.00   2.3708758e+38   6.1552163e-22
      8000.00      10000.0   2.0102611e+38   1.6230683e-34
      10000.0      0.00000   7.4659934e+38   1.6381694e+28
      10000.0      50.0000   7.2304160e+38   1.3917192e+28
      10000.0      100.000   6.3968342e+38   8.5895164e+27
      10000.0      150.000   5.4672093e+38   4.3684519e+27
      10000.0      200.000   4.8583322e+38   2.1008678e+27
      10000.0      300.000   4.2579117e+38   4.7399394e+26
      10000.0      400.000   4.0344151e+38   1.0909049e+26
      10000.0      600.000   3.8417248e+38   5.9582977e+24
      10000.0      800.000   3.7070228e+38   3.2926481e+23
      10000.0      1000.00   3.5874220e+38   1.8272354e+22
      10000.0      1500.00   3.2968764e+38   1.3240661e+19
      10000.0      2000.00   3.0600909e+38   9.6888786e+15
      10000.0      2500.00   2.8758572e+38   7.1700115e+12
      10000.0      3000.00   2.7520280e+38   5.3953279e+09
      10000.0      3500.00   2.6475283e+38       4074282.0
      10000.0      4000.00   2.5659823e+38       3092.7093
      10000.0      5000.00   2.3980578e+38    0.0017571662
      10000.0      5500.00   2.3322169e+38   1.3234621e-06
      10000.0      6000.00   2.2446304e+38   9.8157276e-10
      10000.0      7000.00   2.0912030e+38   5.2986808e-16
      10000.0      8000.00   1.9196543e+38   2.7031004e-22
      10000.0      10000.0   1.6750162e+38   5.9758150e-35
      12000.0      0.00000   4.0271666e+38   5.0679357e+27
      12000.0      50.0000   3.9281032e+38   4.3551629e+27
      12000.0      100.000   3.6194363e+38   2.8245134e+27
      12000.0      150.000   3.2763389e+38   1.5330657e+27
      12000.0      200.000   2.9960621e+38   7.6290856e+26
      12000.0      300.000   2.6463202e+38   1.7450854e+26
      12000.0      400.000   2.4747715e+38   3.9703863e+25
      12000.0      600.000   2.2995984e+38   2.1129487e+24
      12000.0      800.000   2.1993271e+38   1.1531215e+23
      12000.0      1000.00   2.1383185e+38   6.4028747e+21
      12000.0      1500.00   2.0205298e+38   4.7248382e+18
      12000.0      2000.00   1.9105936e+38   3.4859424e+15
      12000.0      2500.00   1.8073020e+38   2.5653782e+12
      12000.0      3000.00   1.7656229e+38   1.9426080e+09
      12000.0      3500.00   1.7475015e+38       1482930.0
      12000.0      4000.00   1.7336085e+38       1127.7516
      12000.0      5000.00   1.6840769e+38   0.00063122680
      12000.0      5500.00   1.6532705e+38   4.6396680e-07
      12000.0      6000.00   1.6266926e+38   3.3844629e-10
      12000.0      7000.00   1.5783690e+38   1.7378368e-16
      12000.0      8000.00   1.4950108e+38   8.1968878e-23
      12000.0      10000.0   1.3373551e+38   1.4255457e-35
      15000.0      0.00000   8.7465685e+37   2.2029513e+26
      15000.0      50.0000   8.5774357e+37   1.9069694e+26
      15000.0      100.000   8.2270901e+37   1.2950720e+26
      15000.0      150.000   7.8223800e+37   7.4297508e+25
      15000.0      200.000   7.4599530e+37   3.8791756e+25
      15000.0      300.000   6.9525554e+37   9.4593412e+24
      15000.0      400.000   6.6807352e+37   2.2337576e+24
      15000.0      600.000   6.3545510e+37   1.2364797e+23
      15000.0      800.000   6.1733376e+37   6.9525554e+21
      15000.0      1000.00   6.3062275e+37   4.1226056e+20
      15000.0      1500.00   6.8257060e+37   3.6502426e+17
      15000.0      2000.00   7.5203575e+37   3.3838589e+14
      15000.0      2500.00   7.7619754e+37   3.0612989e+11
      15000.0      3000.00   8.0519173e+37   2.9465304e+08
      15000.0      3500.00   8.2270901e+37       297794.08
      15000.0      4000.00   8.3660199e+37       318.75443
      15000.0      5000.00   8.9217413e+37   0.00042965705
      15000.0      5500.00   9.2418854e+37   5.1657909e-07
      15000.0      6000.00   9.4653820e+37   6.1672972e-10
      15000.0      7000.00   9.5016242e+37   8.2089686e-16
      15000.0      8000.00   9.5559888e+37   1.0292923e-21
      15000.0      10000.0   8.8432153e+37   1.1205031e-33
      18000.0      0.00000   1.2171502e+37   1.2105057e+24
      18000.0      50.0000   1.2340635e+37   1.0836564e+24
      18000.0      100.000   1.2672859e+37   7.8827845e+23
      18000.0      150.000   1.3331268e+37   5.0165919e+23
      18000.0      200.000   1.4249416e+37   2.9453224e+23
      18000.0      300.000   1.6079672e+37   8.7707300e+22
      18000.0      400.000   1.6550827e+37   2.2458385e+22
      18000.0      600.000   1.5747447e+37   1.3011125e+21
      18000.0      800.000   1.4249416e+37   7.4478722e+19
      18000.0      1000.00   1.4871583e+37   5.2775392e+18
      18000.0      1500.00   1.9238827e+37   1.2878235e+16
      18000.0      2000.00   2.5019535e+37   5.3161981e+13
      18000.0      2500.00   2.8818976e+37   2.3201360e+11
      18000.0      3000.00   3.2334517e+37   1.0111709e+09
      18000.0      3500.00   3.7789041e+37       4541208.7
      18000.0      4000.00   4.1860303e+37       19003.248
      18000.0      5000.00   4.6245669e+37      0.28251175
      18000.0      5500.00   4.8239016e+37    0.0010480177
      18000.0      6000.00   5.0232364e+37   3.7970255e-06
      18000.0      7000.00   5.4225100e+37   4.6306073e-11
      18000.0      8000.00   5.7903732e+37   5.0618952e-16
      18000.0      10000.0   5.7994339e+37   3.8290399e-26
      24000.0      0.00000   4.1956951e+36   1.3705776e+18
      24000.0      50.0000   4.5073821e+36   1.2999043e+18
      24000.0      100.000   4.7876589e+36   9.7734446e+17
      24000.0      150.000   5.2110943e+36   6.4270365e+17
      24000.0      200.000   5.9299076e+36   4.0120654e+17
      24000.0      300.000   7.6109642e+36   1.3627250e+17
      24000.0      400.000   8.0458765e+36   3.6381617e+16
      24000.0      600.000   7.6653283e+36   2.3593989e+15
      24000.0      800.000   7.6472069e+36   2.1050961e+14
      24000.0      1000.00   8.0700380e+36   2.9120999e+13
      24000.0      1500.00   8.4203844e+36   4.4699314e+11
      24000.0      2000.00   6.2941466e+36   5.9438006e+09
      24000.0      2500.00   6.6686544e+36   1.1005696e+08
      24000.0      3000.00   2.4898726e+36       698275.77
      24000.0      3500.00   3.7903810e+36       17565.622
      24000.0      4000.00   7.5747215e+36       563.63419
      24000.0      5000.00   1.5584355e+37      0.27411552
      24000.0      5500.00   1.8870359e+37    0.0048843061
      24000.0      6000.00   2.1425468e+37   7.9190267e-05
      24000.0      7000.00   2.2446304e+37   1.5421263e-08
      24000.0      8000.00   2.3757081e+37   2.6777305e-12
      24000.0      10000.0   2.5526932e+37   5.2153226e-20
