face-on central tau B
      3.78000
sfr
     0.950000
old
     0.350000
bd
      2.00000
      tau1
      3.17000
   hd [pc]
      5200.00
   zd [pc]
      140.000
 hdin [pc]
      4500.00
 zdin [pc]
      140.000
   hdsolar [pc]
      8000.00
   zdsolar [pc]
      140.000
      tau2
     0.610000
  hd1 [pc]
      3200.00
  zd1 [pc]
      50.0000
hd1in [pc]
      4500.00
zd1in [pc]
      67.0000
  hd1solar [pc]
      8000.00
  zd1solar [pc]
      90.0000
   hs [pc]
      3200.00
   zs [pc]
      140.000
 hsin [pc]
      4500.00
 zsin [pc]
      170.000
   hssolar [pc]
      8000.00
   zssolar [pc]
      300.000
 rtruncate [pc]
      14000.0
  hs1 [pc]
      3200.00
  zs1 [pc]
      50.0000
hs1in [pc]
      4500.00
zs1in [pc]
      67.0000
  hs1solar [pc]
      8000.00
  zs1solar [pc]
      90.0000
rtruncate1 [pc]
      14000.0
   ifinns2
           3
   ifinns1
           3
   ifinnd1
           3
   ifinnd2
           3
    idisk1
           3
    idisk2
           3
nposition in r
          23
nposition in z
          22
          
    r(pc)      z(pc)   urad(erg/pc3/A)        eabs(erg/s/pc3/A)
      0.00000      0.00000   1.4449489e+39   6.2632359e+28
      0.00000      50.0000   1.1446789e+39   3.8299204e+28
      0.00000      100.000   7.9015609e+38   1.6845204e+28
      0.00000      150.000   5.9033416e+38   7.3805199e+27
      0.00000      200.000   4.8961745e+38   3.3260683e+27
      0.00000      300.000   4.1441565e+38   7.3268043e+26
      0.00000      400.000   3.9147910e+38   1.6931149e+26
      0.00000      600.000   3.7380668e+38   9.3411383e+24
      0.00000      800.000   3.6762938e+38   5.2786295e+23
      0.00000      1000.00   3.6360072e+38   2.9984033e+22
      0.00000      1500.00   3.5226674e+38   2.2963407e+19
      0.00000      2000.00   3.4952724e+38   1.8010832e+16
      0.00000      2500.00   3.4485398e+38   1.4046622e+13
      0.00000      3000.00   3.3679665e+38   1.0845174e+10
      0.00000      3500.00   3.2589239e+38       8293684.6
      0.00000      4000.00   3.0999258e+38       6236.3781
      0.00000      5000.00   2.7625919e+38    0.0034737862
      0.00000      5500.00   2.6025195e+38   2.5869421e-06
      0.00000      6000.00   2.4617847e+38   1.9342978e-09
      0.00000      7000.00   2.1690349e+38   1.0646427e-15
      0.00000      8000.00   1.8993827e+38   5.8173967e-22
      0.00000      10000.0   1.4610636e+38   1.7119154e-34
      50.0000      0.00000   1.4481719e+39   6.3491808e+28
      50.0000      50.0000   1.1468275e+39   3.8798759e+28
      50.0000      100.000   7.9069325e+38   1.7038580e+28
      50.0000      150.000   5.8979700e+38   7.4557217e+27
      50.0000      200.000   4.8929516e+38   3.3604463e+27
      50.0000      300.000   4.1414708e+38   7.4020061e+26
      50.0000      400.000   3.9126424e+38   1.7108410e+26
      50.0000      600.000   3.7316210e+38   9.4324548e+24
      50.0000      800.000   3.6746824e+38   5.3355679e+23
      50.0000      1000.00   3.6333214e+38   3.0295584e+22
      50.0000      1500.00   3.5221302e+38   2.3215871e+19
      50.0000      2000.00   3.4936609e+38   1.8204208e+16
      50.0000      2500.00   3.4458540e+38   1.4191654e+13
      50.0000      3000.00   3.3642064e+38   1.0952606e+10
      50.0000      3500.00   3.2562381e+38       8379629.5
      50.0000      4000.00   3.0988515e+38       6306.2084
      50.0000      5000.00   2.7636662e+38    0.0035135357
      50.0000      5500.00   2.6019824e+38   2.6148742e-06
      50.0000      6000.00   2.4596361e+38   1.9541726e-09
      50.0000      7000.00   2.1690349e+38   1.0764601e-15
      50.0000      8000.00   1.8999199e+38   5.8872269e-22
      50.0000      10000.0   1.4626750e+38   1.7334016e-34
      100.000      0.00000   1.4551549e+39   6.4458689e+28
      100.000      50.0000   1.1511247e+39   3.9378887e+28
      100.000      100.000   7.9230472e+38   1.7258814e+28
      100.000      150.000   5.8979700e+38   7.5416666e+27
      100.000      200.000   4.8891915e+38   3.3948243e+27
      100.000      300.000   4.1275047e+38   7.4610932e+26
      100.000      400.000   3.9051222e+38   1.7264185e+26
      100.000      600.000   3.7251750e+38   9.5183997e+24
      100.000      800.000   3.6736081e+38   5.3930436e+23
      100.000      1000.00   3.6322471e+38   3.0623249e+22
      100.000      1500.00   3.5226674e+38   2.3473706e+19
      100.000      2000.00   3.4904380e+38   1.8386841e+16
      100.000      2500.00   3.4474656e+38   1.4358173e+13
      100.000      3000.00   3.3561491e+38   1.1049294e+10
      100.000      3500.00   3.2557009e+38       8470946.0
      100.000      4000.00   3.0950914e+38       6365.2955
      100.000      5000.00   2.7690378e+38    0.0035591940
      100.000      5500.00   2.6014452e+38   2.6433434e-06
      100.000      6000.00   2.4542646e+38   1.9713616e-09
      100.000      7000.00   2.1684978e+38   1.0882776e-15
      100.000      8000.00   1.9063657e+38   5.9731718e-22
      100.000      10000.0   1.4658980e+38   1.7559621e-34
      150.000      0.00000   1.4621379e+39   6.5479285e+28
      150.000      50.0000   1.1559591e+39   3.9991244e+28
      150.000      100.000   7.9337903e+38   1.7473676e+28
      150.000      150.000   5.8872269e+38   7.6114968e+27
      150.000      200.000   4.8822085e+38   3.4270536e+27
      150.000      300.000   4.1189102e+38   7.5255519e+26
      150.000      400.000   3.8976021e+38   1.7414589e+26
      150.000      600.000   3.7283980e+38   9.6312024e+24
      150.000      800.000   3.6725338e+38   5.4467592e+23
      150.000      1000.00   3.6317099e+38   3.0945542e+22
      150.000      1500.00   3.5280389e+38   2.3763770e+19
      150.000      2000.00   3.4899009e+38   1.8585589e+16
      150.000      2500.00   3.4447797e+38   1.4497834e+13
      150.000      3000.00   3.3588348e+38   1.1178211e+10
      150.000      3500.00   3.2578495e+38       8567634.0
      150.000      4000.00   3.0897198e+38       6424.3826
      150.000      5000.00   2.7604434e+38    0.0035865889
      150.000      5500.00   2.6014452e+38   2.6718126e-06
      150.000      6000.00   2.4548017e+38   1.9928478e-09
      150.000      7000.00   2.1679606e+38   1.0995578e-15
      150.000      8000.00   1.9063657e+38   6.0376305e-22
      150.000      10000.0   1.4675095e+38   1.7769112e-34
      200.000      0.00000   1.4696581e+39   6.6499881e+28
      200.000      50.0000   1.1618678e+39   4.0614345e+28
      200.000      100.000   7.9445334e+38   1.7688538e+28
      200.000      150.000   5.8925985e+38   7.6974417e+27
      200.000      200.000   4.8703911e+38   3.4555228e+27
      200.000      300.000   4.1151501e+38   7.6007537e+26
      200.000      400.000   3.8793387e+38   1.7522020e+26
      200.000      600.000   3.7262494e+38   9.7278904e+24
      200.000      800.000   3.6714594e+38   5.5058463e+23
      200.000      1000.00   3.6311728e+38   3.1273207e+22
      200.000      1500.00   3.5317989e+38   2.4048463e+19
      200.000      2000.00   3.4888265e+38   1.8778965e+16
      200.000      2500.00   3.4372596e+38   1.4621379e+13
      200.000      3000.00   3.3577605e+38   1.1296385e+10
      200.000      3500.00   3.2546266e+38       8653579.0
      200.000      4000.00   3.0843482e+38       6483.4698
      200.000      5000.00   2.7480888e+38    0.0036091494
      200.000      5500.00   2.6009081e+38   2.7002819e-06
      200.000      6000.00   2.4521159e+38   2.0121854e-09
      200.000      7000.00   2.1674234e+38   1.1113752e-15
      200.000      8000.00   1.9069029e+38   6.1020892e-22
      200.000      10000.0   1.4691209e+38   1.7978603e-34
      300.000      0.00000   1.4857728e+39   6.8594788e+28
      300.000      50.0000   1.1736852e+39   4.1908891e+28
      300.000      100.000   7.9660196e+38   1.8123634e+28
      300.000      150.000   5.8657407e+38   7.8263591e+27
      300.000      200.000   4.8553507e+38   3.5183701e+27
      300.000      300.000   4.0942010e+38   7.7189280e+26
      300.000      400.000   3.8583896e+38   1.7801341e+26
      300.000      600.000   3.7224893e+38   9.9212665e+24
      300.000      800.000   3.6741453e+38   5.6293922e+23
      300.000      1000.00   3.6300985e+38   3.1933908e+22
      300.000      1500.00   3.5291132e+38   2.4542646e+19
      300.000      2000.00   3.4807692e+38   1.9133487e+16
      300.000      2500.00   3.4361853e+38   1.4932930e+13
      300.000      3000.00   3.3599091e+38   1.1538105e+10
      300.000      3500.00   3.2406605e+38       8798611.0
      300.000      4000.00   3.0832739e+38       6617.7587
      300.000      5000.00   2.7437915e+38    0.0036800540
      300.000      5500.00   2.6057425e+38   2.7625919e-06
      300.000      6000.00   2.4494302e+38   2.0524721e-09
      300.000      7000.00   2.1668862e+38   1.1344729e-15
      300.000      8000.00   1.9052914e+38   6.2256350e-22
      300.000      10000.0   1.4841613e+38   1.8547987e-34
      400.000      0.00000   1.5008131e+39   7.0689695e+28
      400.000      50.0000   1.1849656e+39   4.3214179e+28
      400.000      100.000   8.0089921e+38   1.8601703e+28
      400.000      150.000   5.8711122e+38   7.9982490e+27
      400.000      200.000   4.8467562e+38   3.5849774e+27
      400.000      300.000   4.0576744e+38   7.8102445e+26
      400.000      400.000   3.8326062e+38   1.8048433e+26
      400.000      600.000   3.6988545e+38   1.0066298e+25
      400.000      800.000   3.6580306e+38   5.7207086e+23
      400.000      1000.00   3.6252641e+38   3.2551638e+22
      400.000      1500.00   3.5215931e+38   2.4999228e+19
      400.000      2000.00   3.4850665e+38   1.9557840e+16
      400.000      2500.00   3.4367224e+38   1.5244480e+13
      400.000      3000.00   3.3572234e+38   1.1769082e+10
      400.000      3500.00   3.2309917e+38       8954386.2
      400.000      4000.00   3.0881084e+38       6768.1623
      400.000      5000.00   2.7411057e+38    0.0037531072
      400.000      5500.00   2.5939251e+38   2.8071759e-06
      400.000      6000.00   2.4472816e+38   2.0938331e-09
      400.000      7000.00   2.1647376e+38   1.1570334e-15
      400.000      8000.00   1.9074400e+38   6.3652955e-22
      400.000      10000.0   1.4873843e+38   1.8972341e-34
      600.000      0.00000   1.5292824e+39   7.4825795e+28
      600.000      50.0000   1.2069890e+39   4.5835499e+28
      600.000      100.000   8.1003086e+38   1.9600813e+28
      600.000      150.000   5.8549976e+38   8.3044277e+27
      600.000      200.000   4.7951893e+38   3.6924085e+27
      600.000      300.000   4.0227593e+38   8.0573361e+26
      600.000      400.000   3.8181030e+38   1.8714506e+26
      600.000      600.000   3.6854255e+38   1.0436936e+25
      600.000      800.000   3.6440645e+38   5.9301994e+23
      600.000      1000.00   3.6091494e+38   3.3733380e+22
      600.000      1500.00   3.5285761e+38   2.6073539e+19
      600.000      2000.00   3.4850665e+38   2.0352831e+16
      600.000      2500.00   3.4399453e+38   1.5878324e+13
      600.000      3000.00   3.3566862e+38   1.2247151e+10
      600.000      3500.00   3.2223973e+38       9298165.9
      600.000      4000.00   3.0832739e+38       7031.3686
      600.000      5000.00   2.7421800e+38    0.0039078080
      600.000      5500.00   2.5923136e+38   2.9199786e-06
      600.000      6000.00   2.4402985e+38   2.1727949e-09
      600.000      7000.00   2.1658119e+38   1.2048403e-15
      600.000      8000.00   1.9246290e+38   6.6822174e-22
      600.000      10000.0   1.4965159e+38   1.9858648e-34
      800.000      0.00000   1.5561402e+39   7.8961894e+28
      800.000      50.0000   1.2290124e+39   4.8526649e+28
      800.000      100.000   8.1862535e+38   2.0594551e+28
      800.000      150.000   5.8603691e+38   8.6374643e+27
      800.000      200.000   4.7694058e+38   3.8170287e+27
      800.000      300.000   4.0055704e+38   8.3420286e+26
      800.000      400.000   3.8019883e+38   1.9364464e+26
      800.000      600.000   3.6768310e+38   1.0823688e+25
      800.000      800.000   3.6429902e+38   6.1611763e+23
      800.000      1000.00   3.6129095e+38   3.5092384e+22
      800.000      1500.00   3.5242788e+38   2.7061906e+19
      800.000      2000.00   3.4882893e+38   2.1174679e+16
      800.000      2500.00   3.4442426e+38   1.6528282e+13
      800.000      3000.00   3.3540004e+38   1.2719848e+10
      800.000      3500.00   3.2202486e+38       9652688.6
      800.000      4000.00   3.0746794e+38       7289.2034
      800.000      5000.00   2.7427172e+38    0.0040614345
      800.000      5500.00   2.5971480e+38   3.0403015e-06
      800.000      6000.00   2.4472816e+38   2.2646486e-09
      800.000      7000.00   2.1948184e+38   1.2687618e-15
      800.000      8000.00   1.9412808e+38   7.0045108e-22
      800.000      10000.0   1.4949044e+38   2.0610666e-34
      1000.00      0.00000   1.5813865e+39   8.3097993e+28
      1000.00      50.0000   1.2494243e+39   5.1223172e+28
      1000.00      100.000   8.2560837e+38   2.1582918e+28
      1000.00      150.000   5.8657407e+38   8.9812440e+27
      1000.00      200.000   4.7242847e+38   3.9244599e+27
      1000.00      300.000   3.9867699e+38   8.6159781e+26
      1000.00      400.000   3.7842621e+38   2.0003679e+26
      1000.00      600.000   3.6741453e+38   1.1221183e+25
      1000.00      800.000   3.6526590e+38   6.4082680e+23
      1000.00      1000.00   3.6263384e+38   3.6553448e+22
      1000.00      1500.00   3.5420049e+38   2.8222162e+19
      1000.00      2000.00   3.4952724e+38   2.2012642e+16
      1000.00      2500.00   3.4383339e+38   1.7119154e+13
      1000.00      3000.00   3.3540004e+38   1.3197917e+10
      1000.00      3500.00   3.2218601e+38       10023326.
      1000.00      4000.00   3.0816625e+38       7579.2675
      1000.00      5000.00   2.7475516e+38    0.0042225813
      1000.00      5500.00   2.5971480e+38   3.1547156e-06
      1000.00      6000.00   2.4435215e+38   2.3462963e-09
      1000.00      7000.00   2.1851496e+38   1.3106600e-15
      1000.00      8000.00   1.9369836e+38   7.2516025e-22
      1000.00      10000.0   1.4825498e+38   2.1206909e-34
      1500.00      0.00000   1.6361764e+39   9.3142805e+28
      1500.00      50.0000   1.2972311e+39   5.8120251e+28
      1500.00      100.000   8.4279736e+38   2.4107550e+28
      1500.00      150.000   5.8281398e+38   9.7440051e+27
      1500.00      200.000   4.6882953e+38   4.2510505e+27
      1500.00      300.000   3.9674323e+38   9.3518814e+26
      1500.00      400.000   3.8138058e+38   2.1991156e+26
      1500.00      600.000   3.7826507e+38   1.2607046e+25
      1500.00      800.000   3.7552558e+38   7.1871438e+23
      1500.00      1000.00   3.7144319e+38   4.0839951e+22
      1500.00      1500.00   3.6048522e+38   3.1332294e+19
      1500.00      2000.00   3.5291132e+38   2.4252581e+16
      1500.00      2500.00   3.4576715e+38   1.8778965e+13
      1500.00      3000.00   3.3540004e+38   1.4401145e+10
      1500.00      3500.00   3.2052083e+38       10877403.
      1500.00      4000.00   3.0650107e+38       8223.8544
      1500.00      5000.00   2.7373457e+38    0.0045889215
      1500.00      5500.00   2.5627700e+38   3.3964357e-06
      1500.00      6000.00   2.4139779e+38   2.5283921e-09
      1500.00      7000.00   2.1534574e+38   1.4094966e-15
      1500.00      8000.00   1.9047543e+38   7.7780151e-22
      1500.00      10000.0   1.4777154e+38   2.3011751e-34
      2000.00      0.00000   1.6818346e+39   1.0297276e+29
      2000.00      50.0000   1.3385921e+39   6.5049560e+28
      2000.00      100.000   8.5676340e+38   2.6642925e+28
      2000.00      150.000   5.8066535e+38   1.0538995e+28
      2000.00      200.000   4.6759407e+38   4.5964417e+27
      2000.00      300.000   3.9153282e+38   1.0001840e+27
      2000.00      400.000   3.7606273e+38   2.3489820e+26
      2000.00      600.000   3.7326952e+38   1.3477238e+25
      2000.00      800.000   3.7241007e+38   7.7242995e+23
      2000.00      1000.00   3.6993916e+38   4.4068256e+22
      2000.00      1500.00   3.6027036e+38   3.3926757e+19
      2000.00      2000.00   3.5312618e+38   2.6288401e+16
      2000.00      2500.00   3.4415569e+38   2.0250771e+13
      2000.00      3000.00   3.3271426e+38   1.5475457e+10
      2000.00      3500.00   3.1901679e+38       11731481.
      2000.00      4000.00   3.0333185e+38       8814.7257
      2000.00      5000.00   2.7018934e+38    0.0049074549
      2000.00      5500.00   2.5353751e+38   3.6403045e-06
      2000.00      6000.00   2.3812114e+38   2.7024305e-09
      2000.00      7000.00   2.1308968e+38   1.5110191e-15
      2000.00      8000.00   1.8902511e+38   8.3635149e-22
      2000.00      10000.0   1.4664352e+38   2.4671563e-34
      3000.00      0.00000   1.7468304e+39   1.2145091e+29
      3000.00      50.0000   1.4041251e+39   7.8908178e+28
      3000.00      100.000   8.8415835e+38   3.1971509e+28
      3000.00      150.000   5.9033416e+38   1.2424412e+28
      3000.00      200.000   4.6657348e+38   5.3033386e+27
      3000.00      300.000   3.8175659e+38   1.1253412e+27
      3000.00      400.000   3.6564191e+38   2.6358232e+26
      3000.00      600.000   3.6360072e+38   1.5147792e+25
      3000.00      800.000   3.6478246e+38   8.7287808e+23
      3000.00      1000.00   3.6494361e+38   5.0159603e+22
      3000.00      1500.00   3.5849774e+38   3.8949163e+19
      3000.00      2000.00   3.5054784e+38   3.0107579e+16
      3000.00      2500.00   3.3969729e+38   2.3065467e+13
      3000.00      3000.00   3.2702042e+38   1.7548878e+10
      3000.00      3500.00   3.1310808e+38       13283861.
      3000.00      4000.00   2.9629511e+38       9937.3812
      3000.00      5000.00   2.6272287e+38    0.0055058463
      3000.00      5500.00   2.4676934e+38   4.0872180e-06
      3000.00      6000.00   2.3162155e+38   3.0327813e-09
      3000.00      7000.00   2.0637523e+38   1.6877433e-15
      3000.00      8000.00   1.8327754e+38   9.3465099e-22
      3000.00      10000.0   1.4535435e+38   2.7964328e-34
      4000.00      0.00000   1.7736882e+39   1.3751187e+29
      4000.00      50.0000   1.4454861e+39   9.2175925e+28
      4000.00      100.000   9.1209045e+38   3.7713704e+28
      4000.00      150.000   6.0752314e+38   1.4578406e+28
      4000.00      200.000   4.7001127e+38   6.0752314e+27
      4000.00      300.000   3.7477356e+38   1.2531843e+27
      4000.00      400.000   3.5758458e+38   2.9215901e+26
      4000.00      600.000   3.5806802e+38   1.6904291e+25
      4000.00      800.000   3.6070007e+38   9.7816060e+23
      4000.00      1000.00   3.6048522e+38   5.6132775e+22
      4000.00      1500.00   3.5495251e+38   4.3708363e+19
      4000.00      2000.00   3.4485398e+38   3.3566862e+16
      4000.00      2500.00   3.3072679e+38   2.5450439e+13
      4000.00      3000.00   3.1708303e+38   1.9289263e+10
      4000.00      3500.00   3.0161294e+38       14503205.
      4000.00      4000.00   2.8598171e+38       10872.032
      4000.00      5000.00   2.5445068e+38    0.0060430021
      4000.00      5500.00   2.3838972e+38   4.4745073e-06
      4000.00      6000.00   2.2318820e+38   3.3115651e-09
      4000.00      7000.00   1.9799561e+38   1.8338497e-15
      4000.00      8000.00   1.7763741e+38   1.0238189e-21
      4000.00      10000.0   1.4331315e+38   3.0752166e-34
      4500.00      0.00000   1.7736882e+39   1.4444118e+29
      4500.00      50.0000   1.4551549e+39   9.8192069e+28
      4500.00      100.000   9.2390787e+38   4.0641204e+28
      4500.00      150.000   6.1611763e+38   1.5706433e+28
      4500.00      200.000   4.7258962e+38   6.4834698e+27
      4500.00      300.000   3.7305466e+38   1.3219403e+27
      4500.00      400.000   3.5597311e+38   3.0805881e+26
      4500.00      600.000   3.5758458e+38   1.7876543e+25
      4500.00      800.000   3.5957205e+38   1.0329505e+24
      4500.00      1000.00   3.5860518e+38   5.9140847e+22
      4500.00      1500.00   3.5119242e+38   4.5787155e+19
      4500.00      2000.00   3.3932128e+38   3.4968839e+16
      4500.00      2500.00   3.2411977e+38   2.6406577e+13
      4500.00      3000.00   3.0983143e+38   1.9955335e+10
      4500.00      3500.00   2.9446877e+38       14992017.
      4500.00      4000.00   2.7932098e+38       11242.669
      4500.00      5000.00   2.4757508e+38    0.0062256350
      4500.00      5500.00   2.3339416e+38   4.6383398e-06
      4500.00      6000.00   2.1770922e+38   3.4189962e-09
      4500.00      7000.00   1.9412808e+38   1.9020685e-15
      4500.00      8000.00   1.7360873e+38   1.0571225e-21
      4500.00      10000.0   1.4003650e+38   3.1434354e-34
      5000.00      0.00000   1.5958897e+39   1.1586450e+29
      5000.00      50.0000   1.3391292e+39   8.1432810e+28
      5000.00      100.000   8.9436431e+38   3.5753086e+28
      5000.00      150.000   6.0644883e+38   1.4068109e+28
      5000.00      200.000   4.7253591e+38   5.8979700e+27
      5000.00      300.000   3.7622388e+38   1.2112861e+27
      5000.00      400.000   3.5790687e+38   2.8141589e+26
      5000.00      600.000   3.5677884e+38   1.6200618e+25
      5000.00      800.000   3.5715485e+38   9.3142805e+23
      5000.00      1000.00   3.5500623e+38   5.3189161e+22
      5000.00      1500.00   3.4560600e+38   4.0931267e+19
      5000.00      2000.00   3.3217711e+38   3.1095946e+16
      5000.00      2500.00   3.1724418e+38   2.3479077e+13
      5000.00      3000.00   3.0188153e+38   1.7656309e+10
      5000.00      3500.00   2.8582057e+38       13219403.
      5000.00      4000.00   2.7120993e+38       9915.8950
      5000.00      5000.00   2.4188123e+38    0.0055219610
      5000.00      5500.00   2.2657229e+38   4.0899038e-06
      5000.00      6000.00   2.1341197e+38   3.0429872e-09
      5000.00      7000.00   1.8875652e+38   1.6780745e-15
      5000.00      8000.00   1.6893548e+38   9.3142805e-22
      5000.00      10000.0   1.3708214e+38   2.7518488e-34
      6000.00      0.00000   1.2730591e+39   7.3805199e+28
      6000.00      50.0000   1.1081523e+39   5.4628739e+28
      6000.00      100.000   8.0949370e+38   2.6696640e+28
      6000.00      150.000   5.8227682e+38   1.1194325e+28
      6000.00      200.000   4.5480977e+38   4.7006499e+27
      6000.00      300.000   3.6961686e+38   9.8406931e+26
      6000.00      400.000   3.5140728e+38   2.2807633e+26
      6000.00      600.000   3.4877522e+38   1.3063627e+25
      6000.00      800.000   3.4668031e+38   7.4610932e+23
      6000.00      1000.00   3.4189962e+38   4.2263414e+22
      6000.00      1500.00   3.3104908e+38   3.2347518e+19
      6000.00      2000.00   3.1568643e+38   2.4381499e+16
      6000.00      2500.00   2.9753057e+38   1.8166607e+13
      6000.00      3000.00   2.8270506e+38   1.3643756e+10
      6000.00      3500.00   2.6664411e+38       10168358.
      6000.00      4000.00   2.5203347e+38       7600.7537
      6000.00      5000.00   2.2528311e+38    0.0042413818
      6000.00      5500.00   2.1276739e+38   3.1649216e-06
      6000.00      6000.00   1.9976822e+38   2.3462963e-09
      6000.00      7000.00   1.7618708e+38   1.2864879e-15
      6000.00      8000.00   1.5915924e+38   7.1602860e-22
      6000.00      10000.0   1.3165687e+38   2.0820157e-34
      8000.00      0.00000   7.9552765e+38   2.9812144e+28
      8000.00      50.0000   7.2784603e+38   2.3677825e+28
      8000.00      100.000   5.9731718e+38   1.3337577e+28
      8000.00      150.000   4.8236585e+38   6.3438093e+27
      8000.00      200.000   4.0517657e+38   2.8705602e+27
      8000.00      300.000   3.3932128e+38   6.1772910e+26
      8000.00      400.000   3.2250830e+38   1.4277600e+26
      8000.00      600.000   3.1643845e+38   8.0680792e+24
      8000.00      800.000   3.1031487e+38   4.5411146e+23
      8000.00      1000.00   3.0311698e+38   2.5466554e+22
      8000.00      1500.00   2.8120102e+38   1.8676905e+19
      8000.00      2000.00   2.5955365e+38   1.3622270e+16
      8000.00      2500.00   2.4279439e+38   1.0066298e+13
      8000.00      3000.00   2.2958036e+38   7.5201804e+09
      8000.00      3500.00   2.1582918e+38       5581048.1
      8000.00      4000.00   2.0395804e+38       4164.0313
      8000.00      5000.00   1.8671534e+38    0.0023699311
      8000.00      5500.00   1.7677795e+38   1.7656309e-06
      8000.00      6000.00   1.6812975e+38   1.3187173e-09
      8000.00      7000.00   1.5158535e+38   7.2569740e-16
      8000.00      8000.00   1.3692100e+38   3.9099566e-22
      8000.00      10000.0   1.1688509e+38   1.0372477e-34
      10000.0      0.00000   4.7677944e+38   1.1505876e+28
      10000.0      50.0000   4.6292082e+38   9.7977207e+27
      10000.0      100.000   3.9830098e+38   5.8818553e+27
      10000.0      150.000   3.4211449e+38   3.0048492e+27
      10000.0      200.000   3.0295584e+38   1.4401145e+27
      10000.0      300.000   2.6406577e+38   3.2320661e+26
      10000.0      400.000   2.4913283e+38   7.4073776e+25
      10000.0      600.000   2.3591880e+38   4.0227593e+24
      10000.0      800.000   2.2684087e+38   2.2146931e+23
      10000.0      1000.00   2.2060987e+38   1.2354582e+22
      10000.0      1500.00   2.0363574e+38   8.9919871e+18
      10000.0      2000.00   1.8746735e+38   6.5210707e+15
      10000.0      2500.00   1.7414589e+38   4.7726287e+12
      10000.0      3000.00   1.6641085e+38   3.5871260e+09
      10000.0      3500.00   1.5969640e+38       2701893.4
      10000.0      4000.00   1.5292824e+38       2026.6886
      10000.0      5000.00   1.4207769e+38    0.0011441417
      10000.0      5500.00   1.3740444e+38   8.5730056e-07
      10000.0      6000.00   1.3240888e+38   6.3652955e-10
      10000.0      7000.00   1.2300866e+38   3.4275908e-16
      10000.0      8000.00   1.1360843e+38   1.7581107e-22
      10000.0      10000.0   9.8675509e+37   3.8707443e-35
      12000.0      0.00000   2.5745874e+38   3.5624168e+27
      12000.0      50.0000   2.5171118e+38   3.0687707e+27
      12000.0      100.000   2.3156784e+38   1.9869391e+27
      12000.0      150.000   2.0863129e+38   1.0732372e+27
      12000.0      200.000   1.8977712e+38   5.3130074e+26
      12000.0      300.000   1.6667942e+38   1.2086004e+26
      12000.0      400.000   1.5556031e+38   2.7432544e+25
      12000.0      600.000   1.4497834e+38   1.4648237e+24
      12000.0      800.000   1.3863990e+38   7.9928774e+22
      12000.0      1000.00   1.3466495e+38   4.4331463e+21
      12000.0      1500.00   1.2392183e+38   3.1858707e+18
      12000.0      2000.00   1.1817426e+38   2.3704682e+15
      12000.0      2500.00   1.1210441e+38   1.7495163e+12
      12000.0      3000.00   1.0877403e+38   1.3160316e+09
      12000.0      3500.00   1.0603454e+38       989440.87
      12000.0      4000.00   1.0420821e+38       745.57217
      12000.0      5000.00   1.0189845e+38   0.00041967978
      12000.0      5500.00   1.0007211e+38   3.0881084e-07
      12000.0      6000.00   9.8138354e+37   2.2442367e-10
      12000.0      7000.00   9.3948539e+37   1.1376959e-16
      12000.0      8000.00   8.9651293e+37   5.4037867e-23
      12000.0      10000.0   7.9337903e+37   9.2981659e-36
      15000.0      0.00000   5.5434472e+37   1.5341168e+26
      15000.0      50.0000   5.4252730e+37   1.3267747e+26
      15000.0      100.000   5.1991304e+37   8.9973586e+25
      15000.0      150.000   4.9343127e+37   5.1529350e+25
      15000.0      200.000   4.6952783e+37   2.6852416e+25
      15000.0      300.000   4.3622418e+37   6.5264422e+24
      15000.0      400.000   4.1812202e+37   1.5368026e+24
      15000.0      600.000   3.9878442e+37   8.5300331e+22
      15000.0      800.000   3.8610755e+37   4.7833718e+21
      15000.0      1000.00   3.9384259e+37   2.8291993e+20
      15000.0      1500.00   4.2548106e+37   2.5026086e+17
      15000.0      2000.00   4.6861466e+37   2.3178270e+14
      15000.0      2500.00   4.7264334e+37   2.0492491e+11
      15000.0      3000.00   4.8494420e+37   1.9504125e+08
      15000.0      3500.00   4.9966227e+37       198908.77
      15000.0      4000.00   5.0728988e+37       212.55253
      15000.0      5000.00   5.4145299e+37   0.00028657258
      15000.0      5500.00   5.5917912e+37   3.4377967e-07
      15000.0      6000.00   5.6025344e+37   4.0125534e-10
      15000.0      7000.00   5.6777362e+37   5.3930436e-16
      15000.0      8000.00   5.7045940e+37   6.7520476e-22
      15000.0      10000.0   5.3479226e+37   7.4503501e-34
      18000.0      0.00000   7.2193731e+36   7.8908178e+23
      18000.0      50.0000   7.3214327e+36   7.0743411e+23
      18000.0      100.000   7.4825795e+36   5.1180199e+23
      18000.0      150.000   7.8102445e+36   3.2320661e+23
      18000.0      200.000   8.3097993e+36   1.8875652e+23
      18000.0      300.000   9.3357668e+36   5.5971628e+22
      18000.0      400.000   9.6902895e+36   1.4454861e+22
      18000.0      600.000   9.2605649e+36   8.4118589e+20
      18000.0      800.000   8.1969966e+36   4.7103187e+19
      18000.0      1000.00   8.5783772e+36   3.3470174e+18
      18000.0      1500.00   1.1656280e+37   8.5730056e+15
      18000.0      2000.00   1.5292824e+37   3.5726228e+13
      18000.0      2500.00   1.7898029e+37   1.5840723e+11
      18000.0      3000.00   1.9960708e+37   6.8594788e+08
      18000.0      3500.00   2.2941922e+37       3031169.8
      18000.0      4000.00   2.4231095e+37       12096.747
      18000.0      5000.00   2.6906131e+37      0.18069919
      18000.0      5500.00   2.8130846e+37   0.00067198183
      18000.0      6000.00   2.9468364e+37   2.4488930e-06
      18000.0      7000.00   3.2449578e+37   3.0462102e-11
      18000.0      8000.00   3.4877522e+37   3.3523890e-16
      18000.0      10000.0   3.5194444e+37   2.5547127e-26
      24000.0      0.00000   2.4274068e+36   8.7180377e+17
      24000.0      50.0000   2.5622329e+36   8.1217948e+17
      24000.0      100.000   2.6868530e+36   6.0268874e+17
      24000.0      150.000   2.9312589e+36   3.9728039e+17
      24000.0      200.000   3.3668922e+36   2.5042200e+17
      24000.0      300.000   4.3472014e+36   8.5622625e+16
      24000.0      400.000   4.6028875e+36   2.2882835e+16
      24000.0      600.000   4.5663609e+36   1.5453971e+15
      24000.0      800.000   4.2000207e+36   1.2703733e+14
      24000.0      1000.00   4.5991274e+36   1.8252552e+13
      24000.0      1500.00   4.6759407e+36   2.7292883e+11
      24000.0      2000.00   3.2755757e+36   3.4018073e+09
      24000.0      2500.00   3.6961686e+36       67037036.
      24000.0      3000.00   1.6028727e+36       494236.99
      24000.0      3500.00   2.4413728e+36       12435.155
      24000.0      4000.00   4.7957265e+36       392.33855
      24000.0      5000.00   9.5828584e+36      0.18537244
      24000.0      5500.00   1.1371587e+37    0.0032358261
      24000.0      6000.00   1.2284752e+37   4.9901768e-05
      24000.0      7000.00   1.2725220e+37   9.6150877e-09
      24000.0      8000.00   1.3149573e+37   1.6291933e-12
      24000.0      10000.0   1.5110191e+37   3.3932128e-20
