face-on central tau B
      3.78000
sfr
     0.950000
old
     0.350000
bd
      2.00000
      tau1
      3.17000
   hd [pc]
      5200.00
   zd [pc]
      140.000
 hdin [pc]
      4500.00
 zdin [pc]
      140.000
   hdsolar [pc]
      8000.00
   zdsolar [pc]
      140.000
      tau2
     0.610000
  hd1 [pc]
      3200.00
  zd1 [pc]
      50.0000
hd1in [pc]
      4500.00
zd1in [pc]
      67.0000
  hd1solar [pc]
      8000.00
  zd1solar [pc]
      90.0000
   hs [pc]
      3200.00
   zs [pc]
      140.000
 hsin [pc]
      4500.00
 zsin [pc]
      170.000
   hssolar [pc]
      8000.00
   zssolar [pc]
      300.000
 rtruncate [pc]
      14000.0
  hs1 [pc]
      3200.00
  zs1 [pc]
      50.0000
hs1in [pc]
      4500.00
zs1in [pc]
      67.0000
  hs1solar [pc]
      8000.00
  zs1solar [pc]
      90.0000
rtruncate1 [pc]
      14000.0
   ifinns2
           3
   ifinns1
           3
   ifinnd1
           3
   ifinnd2
           3
    idisk1
           3
    idisk2
           3
nposition in r
          23
nposition in z
          22
          
    r(pc)      z(pc)   urad(erg/pc3/A)        eabs(erg/s/pc3/A)
      0.00000      0.00000   1.9659164e+39   2.8434606e+28
      0.00000      50.0000   1.6377203e+39   1.8289869e+28
      0.00000      100.000   1.2714882e+39   9.0416939e+27
      0.00000      150.000   1.0584868e+39   4.4165197e+27
      0.00000      200.000   9.4763908e+38   2.1474023e+27
      0.00000      300.000   8.5146240e+38   5.0223784e+26
      0.00000      400.000   8.2157699e+38   1.1850922e+26
      0.00000      600.000   8.0581923e+38   6.7214996e+24
      0.00000      800.000   8.0364575e+38   3.8486970e+23
      0.00000      1000.00   7.9603856e+38   2.1903286e+22
      0.00000      1500.00   7.8299765e+38   1.7029247e+19
      0.00000      2000.00   7.6452304e+38   1.3144145e+16
      0.00000      2500.00   7.3409426e+38   9.9762921e+12
      0.00000      3000.00   6.9714503e+38   7.4876527e+09
      0.00000      3500.00   6.5258860e+38       5542384.4
      0.00000      4000.00   6.0694544e+38       4074.1959
      0.00000      5000.00   5.1772391e+38    0.0021718540
      0.00000      5500.00   4.7583001e+38   1.5779494e-06
      0.00000      6000.00   4.4078258e+38   1.1552068e-09
      0.00000      7000.00   3.7296988e+38   6.1074903e-16
      0.00000      8000.00   3.1553556e+38   3.2259939e-22
      0.00000      10000.0   2.3142172e+38   9.0471276e-35
      50.0000      0.00000   1.9691765e+39   2.8787797e+28
      50.0000      50.0000   1.6415239e+39   1.8534385e+28
      50.0000      100.000   1.2725749e+39   9.1503681e+27
      50.0000      150.000   1.0584868e+39   4.4665098e+27
      50.0000      200.000   9.4546559e+38   2.1664203e+27
      50.0000      300.000   8.5037566e+38   5.0718252e+26
      50.0000      400.000   8.2103362e+38   1.1981331e+26
      50.0000      600.000   8.0581923e+38   6.7921378e+24
      50.0000      800.000   8.0255900e+38   3.8867330e+23
      50.0000      1000.00   7.9658193e+38   2.2164104e+22
      50.0000      1500.00   7.8245428e+38   1.7213994e+19
      50.0000      2000.00   7.6397966e+38   1.3279988e+16
      50.0000      2500.00   7.3355088e+38   1.0079533e+13
      50.0000      3000.00   6.9714503e+38   7.5745922e+09
      50.0000      3500.00   6.5204523e+38       5602155.3
      50.0000      4000.00   6.0640207e+38       4114.9488
      50.0000      5000.00   5.1739789e+38    0.0021946756
      50.0000      5500.00   4.7555832e+38   1.5947939e-06
      50.0000      6000.00   4.3985885e+38   1.1660742e-09
      50.0000      7000.00   3.7302421e+38   6.1781286e-16
      50.0000      8000.00   3.1569857e+38   3.2629430e-22
      50.0000      10000.0   2.3191075e+38   9.1666692e-35
      100.000      0.00000   1.9778706e+39   2.9227928e+28
      100.000      50.0000   1.6485877e+39   1.8816938e+28
      100.000      100.000   1.2763785e+39   9.2807771e+27
      100.000      150.000   1.0601169e+39   4.5224771e+27
      100.000      200.000   9.4492222e+38   2.1892419e+27
      100.000      300.000   8.4983229e+38   5.1234455e+26
      100.000      400.000   8.2049025e+38   1.2100873e+26
      100.000      600.000   8.0473249e+38   6.8627761e+24
      100.000      800.000   8.0038552e+38   3.9204219e+23
      100.000      1000.00   7.9821203e+38   2.2452090e+22
      100.000      1500.00   7.8245428e+38   1.7398740e+19
      100.000      2000.00   7.6234955e+38   1.3399529e+16
      100.000      2500.00   7.3300751e+38   1.0182773e+13
      100.000      3000.00   6.9660166e+38   7.6506641e+09
      100.000      3500.00   6.5150186e+38       5656492.3
      100.000      4000.00   6.0477196e+38       4149.1812
      100.000      5000.00   5.1701753e+38    0.0022174972
      100.000      5500.00   4.7550398e+38   1.6116384e-06
      100.000      6000.00   4.3964150e+38   1.1780284e-09
      100.000      7000.00   3.7237217e+38   6.2324656e-16
      100.000      8000.00   3.1580724e+38   3.3004356e-22
      100.000      10000.0   2.3316051e+38   9.3188131e-35
      150.000      0.00000   1.9876513e+39   2.9684359e+28
      150.000      50.0000   1.6578250e+39   1.9126660e+28
      150.000      100.000   1.2796388e+39   9.4057525e+27
      150.000      150.000   1.0628337e+39   4.5833347e+27
      150.000      200.000   9.4437885e+38   2.2120635e+27
      150.000      300.000   8.4874555e+38   5.1723488e+26
      150.000      400.000   8.2157699e+38   1.2253017e+26
      150.000      600.000   8.0581923e+38   6.9442817e+24
      150.000      800.000   8.0147226e+38   3.9676952e+23
      150.000      1000.00   7.9875540e+38   2.2718342e+22
      150.000      1500.00   7.8245428e+38   1.7583486e+19
      150.000      2000.00   7.6126281e+38   1.3524505e+16
      150.000      2500.00   7.3192077e+38   1.0280580e+13
      150.000      3000.00   6.9605829e+38   7.7267361e+09
      150.000      3500.00   6.5367534e+38       5732564.3
      150.000      4000.00   6.0314184e+38       4182.3269
      150.000      5000.00   5.1658283e+38    0.0022392319
      150.000      5500.00   4.7615603e+38   1.6317432e-06
      150.000      6000.00   4.3920680e+38   1.1899825e-09
      150.000      7000.00   3.7182880e+38   6.2922365e-16
      150.000      8000.00   3.1602459e+38   3.3384715e-22
      150.000      10000.0   2.3359521e+38   9.4383548e-35
      200.000      0.00000   1.9974320e+39   3.0146225e+28
      200.000      50.0000   1.6676057e+39   1.9452683e+28
      200.000      100.000   1.2856158e+39   9.5470289e+27
      200.000      150.000   1.0666373e+39   4.6479958e+27
      200.000      200.000   9.4546559e+38   2.2376019e+27
      200.000      300.000   8.4983229e+38   5.2348365e+26
      200.000      400.000   8.2266374e+38   1.2394293e+26
      200.000      600.000   8.0690598e+38   7.0312210e+24
      200.000      800.000   8.0147226e+38   4.0106216e+23
      200.000      1000.00   7.9821203e+38   2.2941125e+22
      200.000      1500.00   7.8299765e+38   1.7784534e+19
      200.000      2000.00   7.6180618e+38   1.3682082e+16
      200.000      2500.00   7.3192077e+38   1.0389254e+13
      200.000      3000.00   6.9551491e+38   7.8082417e+09
      200.000      3500.00   6.5258860e+38       5786901.5
      200.000      4000.00   6.0205510e+38       4219.8194
      200.000      5000.00   5.1424634e+38    0.0022533597
      200.000      5500.00   4.7805783e+38   1.6556515e-06
      200.000      6000.00   4.3877211e+38   1.2013933e-09
      200.000      7000.00   3.7188313e+38   6.3628747e-16
      200.000      8000.00   3.1553556e+38   3.3694437e-22
      200.000      10000.0   2.3408424e+38   9.5578964e-35
      300.000      0.00000   2.0186233e+39   3.1097124e+28
      300.000      50.0000   1.6887972e+39   2.0121029e+28
      300.000      100.000   1.2992001e+39   9.8621842e+27
      300.000      150.000   1.0731578e+39   4.7784048e+27
      300.000      200.000   9.4818245e+38   2.2930257e+27
      300.000      300.000   8.5200577e+38   5.3608986e+26
      300.000      400.000   8.2212037e+38   1.2649678e+26
      300.000      600.000   8.0473249e+38   7.1561965e+24
      300.000      800.000   8.0147226e+38   4.0953874e+23
      300.000      1000.00   7.9875540e+38   2.3441026e+22
      300.000      1500.00   7.8191091e+38   1.8143159e+19
      300.000      2000.00   7.6234955e+38   1.3986370e+16
      300.000      2500.00   7.3083404e+38   1.0595735e+13
      300.000      3000.00   6.9442817e+38   7.9603856e+09
      300.000      3500.00   6.4987174e+38       5890141.9
      300.000      4000.00   6.0096836e+38       4302.4117
      300.000      5000.00   5.1267057e+38    0.0022941125
      300.000      5500.00   4.7713410e+38   1.6877104e-06
      300.000      6000.00   4.3850042e+38   1.2258450e-09
      300.000      7000.00   3.7269819e+38   6.5095849e-16
      300.000      8000.00   3.1597025e+38   3.4455157e-22
      300.000      10000.0   2.3527966e+38   9.8078470e-35
      400.000      0.00000   2.0398148e+39   3.2053456e+28
      400.000      50.0000   1.7105319e+39   2.0805677e+28
      400.000      100.000   1.3127844e+39   1.0171906e+28
      400.000      150.000   1.0802216e+39   4.9093572e+27
      400.000      200.000   9.5035592e+38   2.3451894e+27
      400.000      300.000   8.5417925e+38   5.4880474e+26
      400.000      400.000   8.2320711e+38   1.2937664e+26
      400.000      600.000   8.0690598e+38   7.3246414e+24
      400.000      800.000   8.0201563e+38   4.1834135e+23
      400.000      1000.00   7.9984216e+38   2.3957228e+22
      400.000      1500.00   7.8082417e+38   1.8490917e+19
      400.000      2000.00   7.6180618e+38   1.4268924e+16
      400.000      2500.00   7.3083404e+38   1.0813084e+13
      400.000      3000.00   6.9388480e+38   8.1179632e+09
      400.000      3500.00   6.4824164e+38       5998816.1
      400.000      4000.00   6.0042498e+38       4389.8945
      400.000      5000.00   5.1174684e+38    0.0023375822
      400.000      5500.00   4.7512362e+38   1.7159658e-06
      400.000      6000.00   4.3795705e+38   1.2502967e-09
      400.000      7000.00   3.7508901e+38   6.6888973e-16
      400.000      8000.00   3.1640495e+38   3.5221310e-22
      400.000      10000.0   2.3669242e+38   1.0074099e-34
      600.000      0.00000   2.0843713e+39   3.4025894e+28
      600.000      50.0000   1.7550884e+39   2.2234743e+28
      600.000      100.000   1.3410397e+39   1.0823951e+28
      600.000      150.000   1.0948926e+39   5.1799560e+27
      600.000      200.000   9.5850649e+38   2.4625575e+27
      600.000      300.000   8.5417925e+38   5.7108295e+26
      600.000      400.000   8.2266374e+38   1.3448433e+26
      600.000      600.000   8.0799272e+38   7.6397966e+24
      600.000      800.000   8.0364575e+38   4.3638127e+23
      600.000      1000.00   8.0038552e+38   2.4951598e+22
      600.000      1500.00   7.8136754e+38   1.9262503e+19
      600.000      2000.00   7.6289292e+38   1.4872065e+16
      600.000      2500.00   7.2974728e+38   1.1242347e+13
      600.000      3000.00   6.9116794e+38   8.4168172e+09
      600.000      3500.00   6.4498141e+38       6210730.9
      600.000      4000.00   5.9933824e+38       4560.5131
      600.000      5000.00   5.0951902e+38    0.0024223480
      600.000      5500.00   4.7110269e+38   1.7703028e-06
      600.000      6000.00   4.3415345e+38   1.2899628e-09
      600.000      7000.00   3.7438264e+38   6.9497154e-16
      600.000      8000.00   3.2015420e+38   3.7090506e-22
      600.000      10000.0   2.3837686e+38   1.0557699e-34
      800.000      0.00000   2.1256674e+39   3.5982030e+28
      800.000      50.0000   1.7996449e+39   2.3707278e+28
      800.000      100.000   1.3687516e+39   1.1492297e+28
      800.000      150.000   1.1052167e+39   5.4337103e+27
      800.000      200.000   9.6448357e+38   2.5744919e+27
      800.000      300.000   8.5309252e+38   5.9281778e+26
      800.000      400.000   8.1994688e+38   1.3932033e+26
      800.000      600.000   8.0690598e+38   7.9223496e+24
      800.000      800.000   8.0581923e+38   4.5458420e+23
      800.000      1000.00   8.0201563e+38   2.5984003e+22
      800.000      1500.00   7.8299765e+38   2.0066692e+19
      800.000      2000.00   7.6289292e+38   1.5448039e+16
      800.000      2500.00   7.3083404e+38   1.1698778e+13
      800.000      3000.00   6.8736435e+38   8.6939364e+09
      800.000      3500.00   6.4117781e+38       6411778.1
      800.000      4000.00   5.9607801e+38       4712.1136
      800.000      5000.00   5.0816059e+38    0.0025109176
      800.000      5500.00   4.6974426e+38   1.8344205e-06
      800.000      6000.00   4.3382743e+38   1.3394096e-09
      800.000      7000.00   3.7449132e+38   7.2214009e-16
      800.000      8000.00   3.2167564e+38   3.8731487e-22
      800.000      10000.0   2.3978963e+38   1.1030432e-34
      1000.00      0.00000   2.1669636e+39   3.7976201e+28
      1000.00      50.0000   1.8442012e+39   2.5223284e+28
      1000.00      100.000   1.3959202e+39   1.2176945e+28
      1000.00      150.000   1.1133672e+39   5.6836609e+27
      1000.00      200.000   9.6883054e+38   2.6847962e+27
      1000.00      300.000   8.5037566e+38   6.1292252e+26
      1000.00      400.000   8.1940351e+38   1.4448235e+26
      1000.00      600.000   8.0473249e+38   8.2049025e+24
      1000.00      800.000   8.0853609e+38   4.7333050e+23
      1000.00      1000.00   8.0690598e+38   2.7141383e+22
      1000.00      1500.00   7.8788799e+38   2.0941520e+19
      1000.00      2000.00   7.6180618e+38   1.6007710e+16
      1000.00      2500.00   7.2703044e+38   1.2079138e+13
      1000.00      3000.00   6.8410412e+38   8.9873568e+09
      1000.00      3500.00   6.4172118e+38       6661728.8
      1000.00      4000.00   5.9444791e+38       4879.4718
      1000.00      5000.00   5.0810625e+38    0.0026054641
      1000.00      5500.00   4.6930956e+38   1.9023420e-06
      1000.00      6000.00   4.3371875e+38   1.3893997e-09
      1000.00      7000.00   3.7362192e+38   7.4767853e-16
      1000.00      8000.00   3.2145831e+38   4.0160553e-22
      1000.00      10000.0   2.3968097e+38   1.1437960e-34
      1500.00      0.00000   2.2664005e+39   4.3051286e+28
      1500.00      50.0000   1.9474418e+39   2.9097519e+28
      1500.00      100.000   1.4632981e+39   1.3964636e+28
      1500.00      150.000   1.1416225e+39   6.3683084e+27
      1500.00      200.000   9.7263414e+38   2.9418107e+27
      1500.00      300.000   8.6939364e+38   6.8356075e+26
      1500.00      400.000   8.4657206e+38   1.6284830e+26
      1500.00      600.000   8.3679138e+38   9.3079457e+24
      1500.00      800.000   8.3244441e+38   5.3190590e+23
      1500.00      1000.00   8.2157699e+38   3.0146225e+22
      1500.00      1500.00   7.9440844e+38   2.3038931e+19
      1500.00      2000.00   7.6397966e+38   1.7507414e+16
      1500.00      2500.00   7.2648707e+38   1.3160446e+13
      1500.00      3000.00   6.7975715e+38   9.7426426e+09
      1500.00      3500.00   6.3628747e+38       7205099.8
      1500.00      4000.00   5.8792745e+38       5263.0917
      1500.00      5000.00   5.0087941e+38    0.0028016211
      1500.00      5500.00   4.6268043e+38   2.0457919e-06
      1500.00      6000.00   4.2730698e+38   1.4937269e-09
      1500.00      7000.00   3.6998133e+38   8.0799272e-16
      1500.00      8000.00   3.1879579e+38   4.3442513e-22
      1500.00      10000.0   2.3663809e+38   1.2296486e-34
      2000.00      0.00000   2.3576869e+39   4.8158974e+28
      2000.00      50.0000   2.0430751e+39   3.3129332e+28
      2000.00      100.000   1.5154618e+39   1.5725157e+28
      2000.00      150.000   1.1617273e+39   7.0312210e+27
      2000.00      200.000   9.9599909e+38   3.2672900e+27
      2000.00      300.000   8.8786826e+38   7.5637247e+26
      2000.00      400.000   8.5961296e+38   1.7914943e+26
      2000.00      600.000   8.4874555e+38   1.0226243e+25
      2000.00      800.000   8.4276846e+38   5.8358048e+23
      2000.00      1000.00   8.3353116e+38   3.3123898e+22
      2000.00      1500.00   7.9984216e+38   2.5125477e+19
      2000.00      2000.00   7.6343629e+38   1.8963649e+16
      2000.00      2500.00   7.1996661e+38   1.4133081e+13
      2000.00      3000.00   6.7214996e+38   1.0427290e+10
      2000.00      3500.00   6.2596342e+38       7677832.6
      2000.00      4000.00   5.7760340e+38       5602.1553
      2000.00      5000.00   4.9305487e+38    0.0029879973
      2000.00      5500.00   4.5539926e+38   2.1816347e-06
      2000.00      6000.00   4.2078652e+38   1.5931638e-09
      2000.00      7000.00   3.6465629e+38   8.6232982e-16
      2000.00      8000.00   3.1618760e+38   4.6664704e-22
      2000.00      10000.0   2.3533399e+38   1.3209350e-34
      3000.00      0.00000   2.5103742e+39   5.8249374e+28
      3000.00      50.0000   2.2120635e+39   4.1486378e+28
      3000.00      100.000   1.6072915e+39   1.9392912e+28
      3000.00      150.000   1.2128041e+39   8.5146240e+27
      3000.00      200.000   1.0454459e+39   3.9638916e+27
      3000.00      300.000   9.1829704e+38   9.0308265e+26
      3000.00      400.000   8.8623814e+38   2.1321879e+26
      3000.00      600.000   8.7048038e+38   1.2100873e+25
      3000.00      800.000   8.6232982e+38   6.8845110e+23
      3000.00      1000.00   8.4820217e+38   3.8905366e+22
      3000.00      1500.00   8.0364575e+38   2.9135555e+19
      3000.00      2000.00   7.5474236e+38   2.1637034e+16
      3000.00      2500.00   7.0583896e+38   1.5985975e+13
      3000.00      3000.00   6.5476209e+38   1.1725947e+10
      3000.00      3500.00   6.0368521e+38       8541792.5
      3000.00      4000.00   5.6021553e+38       6265.0679
      3000.00      5000.00   4.7675374e+38    0.0033335813
      3000.00      5500.00   4.3909813e+38   2.4266950e-06
      3000.00      6000.00   4.0769128e+38   1.7811702e-09
      3000.00      7000.00   3.5172406e+38   9.5959324e-16
      3000.00      8000.00   3.0700464e+38   5.2223390e-22
      3000.00      10000.0   2.3430159e+38   1.5040510e-34
      4000.00      0.00000   2.6212219e+39   6.7812704e+28
      4000.00      50.0000   2.3430159e+39   4.9837990e+28
      4000.00      100.000   1.6692358e+39   2.3033498e+28
      4000.00      150.000   1.2812689e+39   1.0253411e+28
      4000.00      200.000   1.0883722e+39   4.6936390e+27
      4000.00      300.000   9.3948850e+38   1.0481627e+27
      4000.00      400.000   9.0199591e+38   2.4587539e+26
      4000.00      600.000   8.8080444e+38   1.3872262e+25
      4000.00      800.000   8.6667678e+38   7.8408440e+23
      4000.00      1000.00   8.4548532e+38   4.3942415e+22
      4000.00      1500.00   7.8951810e+38   3.2433816e+19
      4000.00      2000.00   7.3355088e+38   2.3815953e+16
      4000.00      2500.00   6.8030052e+38   1.7463945e+13
      4000.00      3000.00   6.2596342e+38   1.2698581e+10
      4000.00      3500.00   5.7814678e+38       9275343.4
      4000.00      4000.00   5.3272096e+38       6754.1019
      4000.00      5000.00   4.5436686e+38    0.0036003765
      4000.00      5500.00   4.2154724e+38   2.6402399e-06
      4000.00      6000.00   3.9122715e+38   1.9365744e-09
      4000.00      7000.00   3.3917219e+38   1.0481627e-15
      4000.00      8000.00   2.9727829e+38   5.7162632e-22
      4000.00      10000.0   2.3180208e+38   1.6594551e-34
      4500.00      0.00000   2.6500204e+39   7.1996661e+28
      4500.00      50.0000   2.3783350e+39   5.3560082e+28
      4500.00      100.000   1.6784731e+39   2.4636442e+28
      4500.00      150.000   1.2975700e+39   1.1035866e+28
      4500.00      200.000   1.0932625e+39   5.0028170e+27
      4500.00      300.000   9.3459817e+38   1.1046733e+27
      4500.00      400.000   8.9384533e+38   2.5810124e+26
      4500.00      600.000   8.6993701e+38   1.4502572e+25
      4500.00      800.000   8.5254915e+38   8.1668665e+23
      4500.00      1000.00   8.2864081e+38   4.5610563e+22
      4500.00      1500.00   7.7050012e+38   3.3509692e+19
      4500.00      2000.00   7.1127268e+38   2.4462564e+16
      4500.00      2500.00   6.5965243e+38   1.7925810e+13
      4500.00      3000.00   6.0803217e+38   1.3068073e+10
      4500.00      3500.00   5.6238901e+38       9552462.7
      4500.00      4000.00   5.1935403e+38       6971.4503
      4500.00      5000.00   4.4263004e+38    0.0037133976
      4500.00      5500.00   4.0943007e+38   2.7146816e-06
      4500.00      6000.00   3.8101176e+38   1.9968885e-09
      4500.00      7000.00   3.3373849e+38   1.0910890e-15
      4500.00      8000.00   2.9113820e+38   5.9173105e-22
      4500.00      10000.0   2.2924823e+38   1.7170524e-34
      5000.00      0.00000   2.3566002e+39   5.7108295e+28
      5000.00      50.0000   2.1484890e+39   4.3572923e+28
      5000.00      100.000   1.5969674e+39   2.1300144e+28
      5000.00      150.000   1.2220414e+39   9.4600896e+27
      5000.00      200.000   1.0394688e+39   4.3279502e+27
      5000.00      300.000   8.9438872e+38   9.6122335e+26
      5000.00      400.000   8.5689611e+38   2.2479260e+26
      5000.00      600.000   8.3407453e+38   1.2633376e+25
      5000.00      800.000   8.1777339e+38   7.1181605e+23
      5000.00      1000.00   7.9549519e+38   3.9774759e+22
      5000.00      1500.00   7.4170146e+38   2.9309434e+19
      5000.00      2000.00   6.8519087e+38   2.1403384e+16
      5000.00      2500.00   6.3411399e+38   1.5659952e+13
      5000.00      3000.00   5.8629734e+38   1.1437960e+10
      5000.00      3500.00   5.4136055e+38       8351612.7
      5000.00      4000.00   4.9930363e+38       6091.1893
      5000.00      5000.00   4.2850240e+38    0.0032645731
      5000.00      5500.00   3.9780193e+38   2.3957228e-06
      5000.00      6000.00   3.7030736e+38   1.7616089e-09
      5000.00      7000.00   3.2303407e+38   9.5796312e-16
      5000.00      8000.00   2.8374835e+38   5.2196221e-22
      5000.00      10000.0   2.2321682e+38   1.4948137e-34
      6000.00      0.00000   1.8452881e+39   3.5683175e+28
      6000.00      50.0000   1.7078152e+39   2.8103149e+28
      6000.00      100.000   1.3660348e+39   1.5029643e+28
      6000.00      150.000   1.0693542e+39   6.8573424e+27
      6000.00      200.000   8.9982242e+38   3.1037353e+27
      6000.00      300.000   7.8354102e+38   6.9605829e+26
      6000.00      400.000   7.5148213e+38   1.6273962e+26
      6000.00      600.000   7.3192077e+38   9.1449344e+24
      6000.00      800.000   7.1779312e+38   5.1522441e+23
      6000.00      1000.00   7.0257874e+38   2.8977977e+22
      6000.00      1500.00   6.6291266e+38   2.1615299e+19
      6000.00      2000.00   6.1237915e+38   1.5774060e+16
      6000.00      2500.00   5.7108295e+38   1.1633574e+13
      6000.00      3000.00   5.3141686e+38   8.5580936e+09
      6000.00      3500.00   4.9348957e+38       6281369.1
      6000.00      4000.00   4.5931154e+38       4620.2838
      6000.00      5000.00   3.9780193e+38    0.0024989634
      6000.00      5500.00   3.6943796e+38   1.8333339e-06
      6000.00      6000.00   3.4449723e+38   1.3497336e-09
      6000.00      7000.00   3.0314670e+38   7.3844123e-16
      6000.00      8000.00   2.6891432e+38   4.0350732e-22
      6000.00      10000.0   2.1582697e+38   1.1389057e-34
      8000.00      0.00000   1.1242347e+39   1.4057009e+28
      8000.00      50.0000   1.0400121e+39   1.1291250e+28
      8000.00      100.000   8.9656219e+38   6.6780299e+27
      8000.00      150.000   7.6995675e+38   3.3792244e+27
      8000.00      200.000   6.8682098e+38   1.6230492e+27
      8000.00      300.000   6.0585870e+38   3.6791652e+26
      8000.00      400.000   5.8140699e+38   8.5852622e+25
      8000.00      600.000   5.5967216e+38   4.7588434e+24
      8000.00      800.000   5.3956744e+38   2.6342628e+23
      8000.00      1000.00   5.2228823e+38   1.4643849e+22
      8000.00      1500.00   4.8283950e+38   1.0698976e+19
      8000.00      2000.00   4.4301039e+38   7.7593383e+15
      8000.00      2500.00   4.1671125e+38   5.7651666e+12
      8000.00      3000.00   3.9486772e+38   4.3154528e+09
      8000.00      3500.00   3.7335024e+38       3222190.3
      8000.00      4000.00   3.5569067e+38       2422.8914
      8000.00      5000.00   3.1852410e+38    0.0013486469
      8000.00      5500.00   2.9972346e+38   9.9871595e-07
      8000.00      6000.00   2.8353100e+38   7.4170146e-10
      8000.00      7000.00   2.5543872e+38   4.0785429e-16
      8000.00      8000.00   2.3131305e+38   2.2039129e-22
      8000.00      10000.0   1.9284238e+38   5.7108295e-35
      10000.0      0.00000   6.4117781e+38   5.1609380e+27
      10000.0      50.0000   6.2161646e+38   4.3888078e+27
      10000.0      100.000   5.4880474e+38   2.7032708e+27
      10000.0      150.000   4.8718646e+38   1.4279791e+27
      10000.0      200.000   4.4426016e+38   7.0475222e+26
      10000.0      300.000   3.9926903e+38   1.6306564e+26
      10000.0      400.000   3.8003369e+38   3.7693648e+25
      10000.0      600.000   3.5813585e+38   2.0370980e+24
      10000.0      800.000   3.4427988e+38   1.1215178e+23
      10000.0      1000.00   3.3183669e+38   6.1998635e+21
      10000.0      1500.00   3.0917811e+38   4.5539926e+18
      10000.0      2000.00   2.9021447e+38   3.3699871e+15
      10000.0      2500.00   2.7505442e+38   2.5147212e+12
      10000.0      3000.00   2.6532808e+38   1.9077757e+09
      10000.0      3500.00   2.5744919e+38       1452974.1
      10000.0      4000.00   2.5049405e+38       1107.3901
      10000.0      5000.00   2.3555134e+38   0.00063302725
      10000.0      5500.00   2.2674874e+38   4.7208074e-07
      10000.0      6000.00   2.1772877e+38   3.4911588e-10
      10000.0      7000.00   2.0159065e+38   1.8740866e-16
      10000.0      8000.00   1.8420277e+38   9.5144268e-23
      10000.0      10000.0   1.6301131e+38   2.1327312e-35
      12000.0      0.00000   3.2488154e+38   1.4997040e+27
      12000.0      50.0000   3.1711133e+38   1.2899628e+27
      12000.0      100.000   2.9467010e+38   8.4331183e+26
      12000.0      150.000   2.6956636e+38   4.6278910e+26
      12000.0      200.000   2.4886393e+38   2.3250846e+26
      12000.0      300.000   2.2278212e+38   5.3886104e+25
      12000.0      400.000   2.0952387e+38   1.2329089e+25
      12000.0      600.000   1.9490719e+38   6.5693557e+23
      12000.0      800.000   1.8816938e+38   3.6188511e+22
      12000.0      1000.00   1.8501783e+38   2.0322076e+21
      12000.0      1500.00   1.7795401e+38   1.5263292e+18
      12000.0      2000.00   1.6991211e+38   1.1367322e+15
      12000.0      2500.00   1.6714093e+38   8.7048038e+11
      12000.0      3000.00   1.6730394e+38   6.7541019e+08
      12000.0      3500.00   1.6654322e+38       518484.63
      12000.0      4000.00   1.6502178e+38       393.99833
      12000.0      5000.00   1.6426106e+38   0.00022571632
      12000.0      5500.00   1.6263095e+38   1.6741262e-07
      12000.0      6000.00   1.6024011e+38   1.2231282e-10
      12000.0      7000.00   1.4986173e+38   6.0531533e-17
      12000.0      8000.00   1.4051575e+38   2.8266161e-23
      12000.0      10000.0   1.2915929e+38   5.0506337e-36
      15000.0      0.00000   6.5584883e+37   6.0585870e+25
      15000.0      50.0000   6.4552478e+37   5.2652652e+25
      15000.0      100.000   6.2433331e+37   3.6025498e+25
      15000.0      150.000   6.0042498e+37   2.0930652e+25
      15000.0      200.000   5.8303711e+37   1.1122805e+25
      15000.0      300.000   5.5912879e+37   2.7907535e+24
      15000.0      400.000   5.4663125e+37   6.6997648e+23
      15000.0      600.000   5.1957138e+37   3.7079639e+22
      15000.0      800.000   5.1277923e+37   2.1196903e+21
      15000.0      1000.00   5.3679624e+37   1.2867026e+20
      15000.0      1500.00   5.8684071e+37   1.1519466e+17
      15000.0      2000.00   6.5313197e+37   1.0775048e+14
      15000.0      2500.00   6.9062457e+37   9.9871595e+10
      15000.0      3000.00   7.3952797e+37       99219549.
      15000.0      3500.00   7.9114821e+37       105033.62
      15000.0      4000.00   8.3081430e+37       116.11839
      15000.0      5000.00   8.8678152e+37   0.00015659952
      15000.0      5500.00   9.0797299e+37   1.8615891e-07
      15000.0      6000.00   9.2481749e+37   2.2098900e-10
      15000.0      7000.00   9.3242469e+37   2.9559385e-16
      15000.0      8000.00   9.0851635e+37   3.5878789e-22
      15000.0      10000.0   8.3298778e+37   3.8726053e-34
      18000.0      0.00000   1.1318419e+37   4.1290765e+23
      18000.0      50.0000   1.1503165e+37   3.7052470e+23
      18000.0      100.000   1.2117174e+37   2.7657586e+23
      18000.0      150.000   1.3138711e+37   1.8137725e+23
      18000.0      200.000   1.4404765e+37   1.0916324e+23
      18000.0      300.000   1.6322866e+37   3.2667466e+22
      18000.0      400.000   1.7887774e+37   8.9004174e+21
      18000.0      600.000   1.6377203e+37   4.9636944e+20
      18000.0      800.000   1.5431737e+37   2.9575685e+19
      18000.0      1000.00   1.6556515e+37   2.1560962e+18
      18000.0      1500.00   1.8849541e+37   4.6268043e+15
      18000.0      2000.00   2.2479260e+37   1.7523715e+13
      18000.0      2500.00   2.4027866e+37   7.0964256e+10
      18000.0      3000.00   2.8853002e+37   3.3091296e+08
      18000.0      3500.00   3.5987463e+37       1586100.0
      18000.0      4000.00   4.1024513e+37       6830.1738
      18000.0      5000.00   4.8968597e+37      0.10976095
      18000.0      5500.00   5.1087743e+37   0.00040714791
      18000.0      6000.00   5.3212325e+37   1.4752523e-06
      18000.0      7000.00   5.5641193e+37   1.7425909e-11
      18000.0      8000.00   5.7706003e+37   1.8501783e-16
      18000.0      10000.0   5.4826137e+37   1.3274554e-26
      24000.0      0.00000   4.2334037e+36   5.0718252e+17
      24000.0      50.0000   4.7017894e+36   4.9734751e+17
      24000.0      100.000   5.2147318e+36   3.9035774e+17
      24000.0      150.000   5.7706003e+36   2.6087243e+17
      24000.0      200.000   6.4661153e+36   1.6051180e+17
      24000.0      300.000   8.2538058e+36   5.4222995e+16
      24000.0      400.000   8.7048038e+36   1.4437369e+16
      24000.0      600.000   7.4767853e+36   8.4439857e+14
      24000.0      800.000   8.1614328e+36   8.2375048e+13
      24000.0      1000.00   9.7861123e+36   1.2953965e+13
      24000.0      1500.00   1.1883524e+37   2.3147606e+11
      24000.0      2000.00   8.7971770e+36   3.0477681e+09
      24000.0      2500.00   7.1616302e+36       43339273.
      24000.0      3000.00   1.6714093e+36       171922.59
      24000.0      3500.00   2.6032906e+36       4425.2137
      24000.0      4000.00   5.6564923e+36       154.42605
      24000.0      5000.00   1.3937467e+37     0.089927905
      24000.0      5500.00   1.8317038e+37    0.0017393306
      24000.0      6000.00   2.2495561e+37   3.0493982e-05
      24000.0      7000.00   2.6782759e+37   6.7486682e-09
      24000.0      8000.00   2.8141185e+37   1.1633574e-12
      24000.0      10000.0   2.7005540e+37   2.0235137e-20
