face-on central tau B
      3.78000
sfr
     0.950000
old
     0.350000
bd
      2.00000
      tau1
      3.17000
   hd [pc]
      5200.00
   zd [pc]
      140.000
 hdin [pc]
      4500.00
 zdin [pc]
      140.000
   hdsolar [pc]
      8000.00
   zdsolar [pc]
      140.000
      tau2
     0.610000
  hd1 [pc]
      3200.00
  zd1 [pc]
      50.0000
hd1in [pc]
      4500.00
zd1in [pc]
      67.0000
  hd1solar [pc]
      8000.00
  zd1solar [pc]
      90.0000
   hs [pc]
      3200.00
   zs [pc]
      140.000
 hsin [pc]
      4500.00
 zsin [pc]
      170.000
   hssolar [pc]
      8000.00
   zssolar [pc]
      300.000
 rtruncate [pc]
      14000.0
  hs1 [pc]
      3200.00
  zs1 [pc]
      50.0000
hs1in [pc]
      4500.00
zs1in [pc]
      67.0000
  hs1solar [pc]
      8000.00
  zs1solar [pc]
      90.0000
rtruncate1 [pc]
      14000.0
   ifinns2
           3
   ifinns1
           3
   ifinnd1
           3
   ifinnd2
           3
    idisk1
           3
    idisk2
           3
nposition in r
          23
nposition in z
          22
          
    r(pc)      z(pc)   urad(erg/pc3/A)        eabs(erg/s/pc3/A)
      0.00000      0.00000   1.3157956e+39   2.7503488e+28
      0.00000      50.0000   1.0943672e+39   1.7657495e+28
      0.00000      100.000   8.2136685e+38   8.4407746e+27
      0.00000      150.000   6.5624184e+38   3.9582690e+27
      0.00000      200.000   5.6823825e+38   1.8603770e+27
      0.00000      300.000   4.9868701e+38   4.2492487e+26
      0.00000      400.000   4.7786896e+38   9.9642776e+25
      0.00000      600.000   4.6627710e+38   5.6208745e+24
      0.00000      800.000   4.6447917e+38   3.2159162e+23
      0.00000      1000.00   4.6211348e+38   1.8376663e+22
      0.00000      1500.00   4.5430672e+38   1.4279293e+19
      0.00000      2000.00   4.4829787e+38   1.1137659e+16
      0.00000      2500.00   4.3519195e+38   8.5495962e+12
      0.00000      3000.00   4.1688153e+38   6.4725222e+09
      0.00000      3500.00   3.9544839e+38       4854391.6
      0.00000      4000.00   3.6881075e+38       3578.8127
      0.00000      5000.00   3.1865817e+38    0.0019318207
      0.00000      5500.00   2.9670458e+38   1.4222516e-06
      0.00000      6000.00   2.7531877e+38   1.0427952e-09
      0.00000      7000.00   2.3666342e+38   5.6019490e-16
      0.00000      8000.00   2.0174586e+38   2.9807668e-22
      0.00000      10000.0   1.5045776e+38   8.5022824e-35
      50.0000      0.00000   1.3191076e+39   2.7877266e+28
      50.0000      50.0000   1.0967329e+39   1.7898795e+28
      50.0000      100.000   8.2042058e+38   8.5259393e+27
      50.0000      150.000   6.5529556e+38   3.9961200e+27
      50.0000      200.000   5.6776510e+38   1.8807219e+27
      50.0000      300.000   4.9868701e+38   4.2994013e+26
      50.0000      400.000   4.7692268e+38   1.0058905e+26
      50.0000      600.000   4.6708142e+38   5.6918452e+24
      50.0000      800.000   4.6433723e+38   3.2509283e+23
      50.0000      1000.00   4.6192423e+38   1.8575382e+22
      50.0000      1500.00   4.5369164e+38   1.4421234e+19
      50.0000      2000.00   4.4806130e+38   1.1255943e+16
      50.0000      2500.00   4.3481344e+38   8.6347609e+12
      50.0000      3000.00   4.1650302e+38   6.5387614e+09
      50.0000      3500.00   3.9516451e+38       4906436.8
      50.0000      4000.00   3.6852687e+38       3615.7175
      50.0000      5000.00   3.1851622e+38    0.0019526388
      50.0000      5500.00   2.9656264e+38   1.4373920e-06
      50.0000      6000.00   2.7512951e+38   1.0541506e-09
      50.0000      7000.00   2.3666342e+38   5.6634570e-16
      50.0000      8000.00   2.0179318e+38   3.0148327e-22
      50.0000      10000.0   1.5069433e+38   8.6111041e-35
      100.000      0.00000   1.3247853e+39   2.8303091e+28
      100.000      50.0000   1.1024106e+39   1.8187408e+28
      100.000      100.000   8.2231313e+38   8.6394924e+27
      100.000      150.000   6.5482242e+38   4.0358636e+27
      100.000      200.000   5.6681883e+38   1.8982281e+27
      100.000      300.000   4.9868701e+38   4.3462418e+26
      100.000      400.000   4.7739583e+38   1.0181921e+26
      100.000      600.000   4.6698680e+38   5.7533530e+24
      100.000      800.000   4.6476305e+38   3.2897257e+23
      100.000      1000.00   4.6187692e+38   1.8774100e+22
      100.000      1500.00   4.5359700e+38   1.4577369e+19
      100.000      2000.00   4.4768279e+38   1.1369496e+16
      100.000      2500.00   4.3467151e+38   8.7293885e+12
      100.000      3000.00   4.1607720e+38   6.6050007e+09
      100.000      3500.00   3.9492795e+38       4953750.6
      100.000      4000.00   3.6810105e+38       3651.2028
      100.000      5000.00   3.1837428e+38    0.0019729837
      100.000      5500.00   2.9646802e+38   1.4525324e-06
      100.000      6000.00   2.7498756e+38   1.0650327e-09
      100.000      7000.00   2.3661611e+38   5.7249648e-16
      100.000      8000.00   2.0188781e+38   3.0493717e-22
      100.000      10000.0   1.5097820e+38   8.7199257e-35
      150.000      0.00000   1.3314092e+39   2.8738377e+28
      150.000      50.0000   1.1076151e+39   1.8471291e+28
      150.000      100.000   8.2515195e+38   8.7672395e+27
      150.000      150.000   6.5529556e+38   4.0827043e+27
      150.000      200.000   5.6681883e+38   1.9190460e+27
      150.000      300.000   4.9821388e+38   4.3902436e+26
      150.000      400.000   4.7739583e+38   1.0290743e+26
      150.000      600.000   4.6651366e+38   5.8101295e+24
      150.000      800.000   4.6376947e+38   3.3181140e+23
      150.000      1000.00   4.6135646e+38   1.8958623e+22
      150.000      1500.00   4.5354969e+38   1.4733505e+19
      150.000      2000.00   4.4749353e+38   1.1492512e+16
      150.000      2500.00   4.3429299e+38   8.8145532e+12
      150.000      3000.00   4.1598256e+38   6.6759714e+09
      150.000      3500.00   3.9478600e+38       5005795.6
      150.000      4000.00   3.6767522e+38       3686.6880
      150.000      5000.00   3.1804309e+38    0.0019923823
      150.000      5500.00   2.9632607e+38   1.4676728e-06
      150.000      6000.00   2.7541339e+38   1.0782806e-09
      150.000      7000.00   2.3661611e+38   5.7864727e-16
      150.000      8000.00   2.0198244e+38   3.0839108e-22
      150.000      10000.0   1.5121477e+38   8.8287474e-35
      200.000      0.00000   1.3389793e+39   2.9206784e+28
      200.000      50.0000   1.1137659e+39   1.8778831e+28
      200.000      100.000   8.2704450e+38   8.8807925e+27
      200.000      150.000   6.5529556e+38   4.1281254e+27
      200.000      200.000   5.6729197e+38   1.9408104e+27
      200.000      300.000   4.9632133e+38   4.4176857e+26
      200.000      400.000   4.7597641e+38   1.0361713e+26
      200.000      600.000   4.6561471e+38   5.8621747e+24
      200.000      800.000   4.6381678e+38   3.3540724e+23
      200.000      1000.00   4.6187692e+38   1.9180998e+22
      200.000      1500.00   4.5336044e+38   1.4884909e+19
      200.000      2000.00   4.4730428e+38   1.1610796e+16
      200.000      2500.00   4.3386717e+38   8.8997180e+12
      200.000      3000.00   4.1579332e+38   6.7422107e+09
      200.000      3500.00   3.9431287e+38       5053109.4
      200.000      4000.00   3.6720209e+38       3721.2271
      200.000      5000.00   3.1752263e+38    0.0020108347
      200.000      5500.00   2.9618413e+38   1.4828132e-06
      200.000      6000.00   2.7512951e+38   1.0886896e-09
      200.000      7000.00   2.3661611e+38   5.8479806e-16
      200.000      8000.00   2.0212438e+38   3.1193962e-22
      200.000      10000.0   1.5149865e+38   8.9423004e-35
      300.000      0.00000   1.3550660e+39   3.0162521e+28
      300.000      50.0000   1.1274869e+39   1.9417566e+28
      300.000      100.000   8.3508784e+38   9.1599437e+27
      300.000      150.000   6.5766125e+38   4.2303232e+27
      300.000      200.000   5.6729197e+38   1.9824465e+27
      300.000      300.000   4.9395564e+38   4.4933877e+26
      300.000      400.000   4.7597641e+38   1.0584088e+26
      300.000      600.000   4.6537813e+38   5.9804591e+24
      300.000      800.000   4.6395872e+38   3.4264624e+23
      300.000      1000.00   4.6201885e+38   1.9597359e+22
      300.000      1500.00   4.5345506e+38   1.5206642e+19
      300.000      2000.00   4.4683114e+38   1.1842633e+16
      300.000      2500.00   4.3372523e+38   9.0889730e+12
      300.000      3000.00   4.1550943e+38   6.8841519e+09
      300.000      3500.00   3.9303540e+38       5147736.9
      300.000      4000.00   3.6748597e+38       3803.0799
      300.000      5000.00   3.1695486e+38    0.0020501052
      300.000      5500.00   2.9585294e+38   1.5126208e-06
      300.000      6000.00   2.7465637e+38   1.1099808e-09
      300.000      7000.00   2.3656880e+38   5.9709963e-16
      300.000      8000.00   2.0335453e+38   3.2050341e-22
      300.000      10000.0   1.5187716e+38   9.1504810e-35
      400.000      0.00000   1.3697333e+39   3.1099334e+28
      400.000      50.0000   1.1407347e+39   2.0056303e+28
      400.000      100.000   8.4265804e+38   9.4390948e+27
      400.000      150.000   6.6002694e+38   4.3348866e+27
      400.000      200.000   5.6634570e+38   2.0193512e+27
      400.000      300.000   4.9490191e+38   4.5936929e+26
      400.000      400.000   4.7644955e+38   1.0825388e+26
      400.000      600.000   4.6594590e+38   6.1129376e+24
      400.000      800.000   4.6391140e+38   3.4974330e+23
      400.000      1000.00   4.6168766e+38   1.9990063e+22
      400.000      1500.00   4.5411746e+38   1.5542570e+19
      400.000      2000.00   4.4654725e+38   1.2083934e+16
      400.000      2500.00   4.3334671e+38   9.2687653e+12
      400.000      3000.00   4.1494166e+38   7.0166305e+09
      400.000      3500.00   3.9175793e+38       5237633.1
      400.000      4000.00   3.6701283e+38       3877.3626
      400.000      5000.00   3.1643442e+38    0.0020893756
      400.000      5500.00   2.9519054e+38   1.5405360e-06
      400.000      6000.00   2.7460905e+38   1.1331645e-09
      400.000      7000.00   2.3647416e+38   6.0940121e-16
      400.000      8000.00   2.0354379e+38   3.2750584e-22
      400.000      10000.0   1.5239762e+38   9.3728556e-35
      600.000      0.00000   1.3957558e+39   3.2925644e+28
      600.000      50.0000   1.1677036e+39   2.1381088e+28
      600.000      100.000   8.5779844e+38   1.0006860e+28
      600.000      150.000   6.6381204e+38   4.5397552e+27
      600.000      200.000   5.6587255e+38   2.1002578e+27
      600.000      300.000   4.9774074e+38   4.8070778e+26
      600.000      400.000   4.7881523e+38   1.1317451e+26
      600.000      600.000   4.6764919e+38   6.3873574e+24
      600.000      800.000   4.6537813e+38   3.6521490e+23
      600.000      1000.00   4.6272856e+38   2.0855905e+22
      600.000      1500.00   4.5407014e+38   1.6176575e+19
      600.000      2000.00   4.4621606e+38   1.2566534e+16
      600.000      2500.00   4.3230581e+38   9.6236186e+12
      600.000      3000.00   4.1404270e+38   7.2863188e+09
      600.000      3500.00   3.8986538e+38       5422156.7
      600.000      4000.00   3.6620850e+38       4026.8740
      600.000      5000.00   3.1600859e+38    0.0021717015
      600.000      5500.00   2.9353456e+38   1.5944736e-06
      600.000      6000.00   2.7318965e+38   1.1729081e-09
      600.000      7000.00   2.3637954e+38   6.3400437e-16
      600.000      8000.00   2.0486857e+38   3.4307206e-22
      600.000      10000.0   1.5291807e+38   9.7844853e-35
      800.000      0.00000   1.4222516e+39   3.4804001e+28
      800.000      50.0000   1.1941992e+39   2.2734261e+28
      800.000      100.000   8.7057316e+38   1.0565162e+28
      800.000      150.000   6.6901655e+38   4.7550328e+27
      800.000      200.000   5.6398000e+38   2.1769061e+27
      800.000      300.000   5.0057956e+38   5.0247211e+26
      800.000      400.000   4.8118093e+38   1.1823709e+26
      800.000      600.000   4.6996756e+38   6.6712400e+24
      800.000      800.000   4.6750726e+38   3.8125427e+23
      800.000      1000.00   4.6485768e+38   2.1773792e+22
      800.000      1500.00   4.5496911e+38   1.6843698e+19
      800.000      2000.00   4.4631068e+38   1.3063329e+16
      800.000      2500.00   4.3192731e+38   9.9926659e+12
      800.000      3000.00   4.1262329e+38   7.5465446e+09
      800.000      3500.00   3.8896642e+38       5625605.9
      800.000      4000.00   3.6554610e+38       4177.3318
      800.000      5000.00   3.1534620e+38    0.0022521350
      800.000      5500.00   2.9386575e+38   1.6588204e-06
      800.000      6000.00   2.7328427e+38   1.2192755e-09
      800.000      7000.00   2.3794089e+38   6.6333890e-16
      800.000      8000.00   2.0496321e+38   3.5660380e-22
      800.000      10000.0   1.5386435e+38   1.0229235e-34
      1000.00      0.00000   1.4506399e+39   3.6748597e+28
      1000.00      50.0000   1.2192755e+39   2.4106360e+28
      1000.00      100.000   8.8287474e+38   1.1132927e+28
      1000.00      150.000   6.7185537e+38   4.9584819e+27
      1000.00      200.000   5.6918452e+38   2.2800501e+27
      1000.00      300.000   5.0341839e+38   5.2470959e+26
      1000.00      400.000   4.8401975e+38   1.2334697e+26
      1000.00      600.000   4.7294834e+38   6.9645853e+24
      1000.00      800.000   4.7072459e+38   3.9833453e+23
      1000.00      1000.00   4.6779113e+38   2.2734261e+22
      1000.00      1500.00   4.5700359e+38   1.7558135e+19
      1000.00      2000.00   4.4626337e+38   1.3555392e+16
      1000.00      2500.00   4.3135954e+38   1.0356982e+13
      1000.00      3000.00   4.1177164e+38   7.8162330e+09
      1000.00      3500.00   3.8768894e+38       5814861.0
      1000.00      4000.00   3.6407938e+38       4317.8536
      1000.00      5000.00   3.1435261e+38    0.0023297294
      1000.00      5500.00   2.9310874e+38   1.7170163e-06
      1000.00      6000.00   2.7205411e+38   1.2599654e-09
      1000.00      7000.00   2.3666342e+38   6.8463009e-16
      1000.00      8000.00   2.0349648e+38   3.6743865e-22
      1000.00      10000.0   1.5339120e+38   1.0579357e-34
      1500.00      0.00000   1.5107283e+39   4.1479973e+28
      1500.00      50.0000   1.2826759e+39   2.7706937e+28
      1500.00      100.000   9.0889730e+38   1.2538146e+28
      1500.00      150.000   6.7469420e+38   5.4410822e+27
      1500.00      200.000   5.8053982e+38   2.5393295e+27
      1500.00      300.000   5.1193487e+38   5.8195923e+26
      1500.00      400.000   4.9442878e+38   1.3749379e+26
      1500.00      600.000   4.8591230e+38   7.8115016e+24
      1500.00      800.000   4.8354661e+38   4.4654725e+23
      1500.00      1000.00   4.7881523e+38   2.5388563e+22
      1500.00      1500.00   4.6367483e+38   1.9431761e+19
      1500.00      2000.00   4.4929146e+38   1.4884909e+16
      1500.00      2500.00   4.3169073e+38   1.1307988e+13
      1500.00      3000.00   4.0812848e+38   8.4502373e+09
      1500.00      3500.00   3.8442429e+38       6292729.9
      1500.00      4000.00   3.5972651e+38       4653.7813
      1500.00      5000.00   3.1028363e+38    0.0025085755
      1500.00      5500.00   2.8889782e+38   1.8461829e-06
      1500.00      6000.00   2.6836363e+38   1.3555392e-09
      1500.00      7000.00   2.3406117e+38   7.3856778e-16
      1500.00      8000.00   2.0396961e+38   4.0164650e-22
      1500.00      10000.0   1.5301270e+38   1.1487781e-34
      2000.00      0.00000   1.5665585e+39   4.6253931e+28
      2000.00      50.0000   1.3380331e+39   3.1354828e+28
      2000.00      100.000   9.3491988e+38   1.4014335e+28
      2000.00      150.000   6.9172715e+38   6.0561611e+27
      2000.00      200.000   5.9142198e+38   2.8033402e+27
      2000.00      300.000   5.1713939e+38   6.3684319e+26
      2000.00      400.000   4.9916016e+38   1.5036313e+26
      2000.00      600.000   4.9111681e+38   8.5448648e+24
      2000.00      800.000   4.8827799e+38   4.8827799e+23
      2000.00      1000.00   4.8354661e+38   2.7768445e+22
      2000.00      1500.00   4.6646634e+38   2.1182369e+19
      2000.00      2000.00   4.4971728e+38   1.6143455e+16
      2000.00      2500.00   4.2856803e+38   1.2159636e+13
      2000.00      3000.00   4.0538429e+38   9.0937045e+09
      2000.00      3500.00   3.8049725e+38       6746942.0
      2000.00      4000.00   3.5480587e+38       4972.6761
      2000.00      5000.00   3.0735018e+38    0.0026921529
      2000.00      5500.00   2.8492346e+38   1.9725106e-06
      2000.00      6000.00   2.6453122e+38   1.4478010e-09
      2000.00      7000.00   2.3179011e+38   7.9250547e-16
      2000.00      8000.00   2.0221901e+38   4.3131223e-22
      2000.00      10000.0   1.5206642e+38   1.2339428e-34
      3000.00      0.00000   1.6512501e+39   5.5357097e+28
      3000.00      50.0000   1.4269829e+39   3.8669535e+28
      3000.00      100.000   9.6898578e+38   1.6900475e+28
      3000.00      150.000   7.2579306e+38   7.3620209e+27
      3000.00      200.000   6.1034749e+38   3.3441365e+27
      3000.00      300.000   5.2470959e+38   7.4613798e+26
      3000.00      400.000   5.0531094e+38   1.7558135e+26
      3000.00      600.000   4.9726761e+38   9.9926659e+24
      3000.00      800.000   4.9490191e+38   5.7107707e+23
      3000.00      1000.00   4.8969741e+38   3.2447775e+22
      3000.00      1500.00   4.7001489e+38   2.4626811e+19
      3000.00      2000.00   4.4720965e+38   1.8518605e+16
      3000.00      2500.00   4.2184948e+38   1.3810887e+13
      3000.00      3000.00   3.9615810e+38   1.0252892e+10
      3000.00      3500.00   3.7041942e+38       7579664.2
      3000.00      4000.00   3.4444417e+38       5568.8294
      3000.00      5000.00   2.9722503e+38    0.0030034774
      3000.00      5500.00   2.7555533e+38   2.2010361e-06
      3000.00      6000.00   2.5568355e+38   1.6143455e-09
      3000.00      7000.00   2.2294244e+38   8.7908964e-16
      3000.00      8000.00   1.9649404e+38   4.8307348e-22
      3000.00      10000.0   1.5116746e+38   1.4023798e-34
      4000.00      0.00000   1.7075535e+39   6.3826261e+28
      4000.00      50.0000   1.4875445e+39   4.5724016e+28
      4000.00      100.000   1.0125144e+39   2.0193512e+28
      4000.00      150.000   7.5891269e+38   8.7767022e+27
      4000.00      200.000   6.2738044e+38   3.9100090e+27
      4000.00      300.000   5.2944096e+38   8.5354021e+26
      4000.00      400.000   5.0720349e+38   1.9985331e+26
      4000.00      600.000   4.9916016e+38   1.1360033e+25
      4000.00      800.000   4.9490191e+38   6.4725222e+23
      4000.00      1000.00   4.8733171e+38   3.6601924e+22
      4000.00      1500.00   4.6287050e+38   2.7484562e+19
      4000.00      2000.00   4.3566510e+38   2.0449007e+16
      4000.00      2500.00   4.0746609e+38   1.5116746e+13
      4000.00      3000.00   3.8035530e+38   1.1156584e+10
      4000.00      3500.00   3.5433274e+38       8213668.5
      4000.00      4000.00   3.3025004e+38       6051.4298
      4000.00      5000.00   2.8430838e+38    0.0032561329
      4000.00      5500.00   2.6420003e+38   2.3912374e-06
      4000.00      6000.00   2.4631543e+38   1.7619643e-09
      4000.00      7000.00   2.1447327e+38   9.5763048e-16
      4000.00      8000.00   1.8944429e+38   5.2660214e-22
      4000.00      10000.0   1.4875445e+38   1.5391166e-34
      4500.00      0.00000   1.7203282e+39   6.7564047e+28
      4500.00      50.0000   1.4993730e+39   4.8780485e+28
      4500.00      100.000   1.0304937e+39   2.1863688e+28
      4500.00      150.000   7.6790231e+38   9.4390948e+27
      4500.00      200.000   6.2974613e+38   4.1655033e+27
      4500.00      300.000   5.2660214e+38   8.9943455e+26
      4500.00      400.000   5.0341839e+38   2.1007309e+26
      4500.00      600.000   4.9442878e+38   1.1918336e+25
      4500.00      800.000   4.8875113e+38   6.7705989e+23
      4500.00      1000.00   4.7928838e+38   3.8130158e+22
      4500.00      1500.00   4.5340775e+38   2.8506539e+19
      4500.00      2000.00   4.2478292e+38   2.1111399e+16
      4500.00      2500.00   3.9634736e+38   1.5570957e+13
      4500.00      3000.00   3.7046673e+38   1.1506706e+10
      4500.00      3500.00   3.4416029e+38       8450237.3
      4500.00      4000.00   3.2078729e+38       6226.4906
      4500.00      5000.00   2.7754251e+38    0.0033654277
      4500.00      5500.00   2.5776536e+38   2.4702514e-06
      4500.00      6000.00   2.4007001e+38   1.8182677e-09
      4500.00      7000.00   2.1002578e+38   9.9216952e-16
      4500.00      8000.00   1.8613233e+38   5.4647392e-22
      4500.00      10000.0   1.4686190e+38   1.5897423e-34
      5000.00      0.00000   1.5362778e+39   5.3795744e+28
      5000.00      50.0000   1.3716259e+39   4.0202501e+28
      5000.00      100.000   9.6378126e+38   1.8580113e+28
      5000.00      150.000   7.3289013e+38   8.2042058e+27
      5000.00      200.000   6.0798180e+38   3.6582998e+27
      5000.00      300.000   5.1146173e+38   7.9439800e+26
      5000.00      400.000   4.8922426e+38   1.8551725e+26
      5000.00      600.000   4.7976151e+38   1.0503654e+25
      5000.00      800.000   4.7361073e+38   5.9568023e+23
      5000.00      1000.00   4.6395872e+38   3.3517067e+22
      5000.00      1500.00   4.3817273e+38   2.5024247e+19
      5000.00      2000.00   4.0983178e+38   1.8499679e+16
      5000.00      2500.00   3.8220054e+38   1.3640556e+13
      5000.00      3000.00   3.5736081e+38   1.0082562e+10
      5000.00      3500.00   3.3185871e+38       7399871.9
      5000.00      4000.00   3.0938466e+38       5455.2764
      5000.00      5000.00   2.6822170e+38    0.0029537980
      5000.00      5500.00   2.5052635e+38   2.1802180e-06
      5000.00      6000.00   2.3273638e+38   1.6001513e-09
      5000.00      7000.00   2.0406425e+38   8.7483140e-16
      5000.00      8000.00   1.8154289e+38   4.8260034e-22
      5000.00      10000.0   1.4421234e+38   1.3962290e-34
      6000.00      0.00000   1.2126516e+39   3.3895577e+28
      6000.00      50.0000   1.1114002e+39   2.6434197e+28
      6000.00      100.000   8.5259393e+38   1.3564855e+28
      6000.00      150.000   6.4299399e+38   5.9568023e+27
      6000.00      200.000   5.4363509e+38   2.7091859e+27
      6000.00      300.000   4.6386409e+38   5.9520708e+26
      6000.00      400.000   4.4375574e+38   1.3891319e+26
      6000.00      600.000   4.3292089e+38   7.8209644e+24
      6000.00      800.000   4.2549263e+38   4.4157931e+23
      6000.00      1000.00   4.1673959e+38   2.4839723e+22
      6000.00      1500.00   3.9573228e+38   1.8646352e+19
      6000.00      2000.00   3.7060867e+38   1.3801423e+16
      6000.00      2500.00   3.4690448e+38   1.0210309e+13
      6000.00      3000.00   3.2551867e+38   7.5749328e+09
      6000.00      3500.00   3.0432209e+38       5597217.7
      6000.00      4000.00   2.8454495e+38       4136.6419
      6000.00      5000.00   2.4967470e+38    0.0022668021
      6000.00      5500.00   2.3387191e+38   1.6777459e-06
      6000.00      6000.00   2.1825837e+38   1.2363085e-09
      6000.00      7000.00   1.9124221e+38   6.7327479e-16
      6000.00      8000.00   1.7127581e+38   3.7146032e-22
      6000.00      10000.0   1.3739915e+38   1.0475266e-34
      8000.00      0.00000   7.5323504e+38   1.3607437e+28
      8000.00      50.0000   6.9361970e+38   1.0882165e+28
      8000.00      100.000   5.8905630e+38   6.3447751e+27
      8000.00      150.000   4.9632133e+38   3.1473112e+27
      8000.00      200.000   4.2904117e+38   1.4657803e+27
      8000.00      300.000   3.7098719e+38   3.2570791e+26
      8000.00      400.000   3.5414348e+38   7.5607387e+25
      8000.00      600.000   3.4619477e+38   4.2553995e+24
      8000.00      800.000   3.3734710e+38   2.3803552e+23
      8000.00      1000.00   3.2745853e+38   1.3266777e+22
      8000.00      1500.00   3.0143595e+38   9.6520068e+18
      8000.00      2000.00   2.7758983e+38   7.0260932e+15
      8000.00      2500.00   2.6036761e+38   5.2045134e+12
      8000.00      3000.00   2.4745096e+38   3.9085897e+09
      8000.00      3500.00   2.3316220e+38       2908376.8
      8000.00      4000.00   2.2100256e+38       2175.9598
      8000.00      5000.00   2.0008988e+38    0.0012244801
      8000.00      5500.00   1.9001205e+38   9.1504810e-07
      8000.00      6000.00   1.7998153e+38   6.8037185e-10
      8000.00      7000.00   1.6186037e+38   3.7349482e-16
      8000.00      8000.00   1.4690923e+38   2.0231363e-22
      8000.00      10000.0   1.2221144e+38   5.2329017e-35
      10000.0      0.00000   4.3632749e+38   5.0767663e+27
      10000.0      50.0000   4.2251187e+38   4.3121760e+27
      10000.0      100.000   3.6937852e+38   2.6296987e+27
      10000.0      150.000   3.2599180e+38   1.3806155e+27
      10000.0      200.000   2.9509591e+38   6.7658675e+26
      10000.0      300.000   2.6306450e+38   1.5528376e+26
      10000.0      400.000   2.4948545e+38   3.5764470e+25
      10000.0      600.000   2.3443968e+38   1.9275626e+24
      10000.0      800.000   2.2459842e+38   1.0574625e+23
      10000.0      1000.00   2.1868419e+38   5.9047571e+21
      10000.0      1500.00   2.0283409e+38   4.3183268e+18
      10000.0      2000.00   1.8722054e+38   3.1421068e+15
      10000.0      2500.00   1.7643301e+38   2.3320952e+12
      10000.0      3000.00   1.7047147e+38   1.7714271e+09
      10000.0      3500.00   1.6474651e+38       1344183.9
      10000.0      4000.00   1.5968394e+38       1020.5578
      10000.0      5000.00   1.4936953e+38   0.00058006668
      10000.0      5500.00   1.4402308e+38   4.3344135e-07
      10000.0      6000.00   1.3862931e+38   3.2126042e-10
      10000.0      7000.00   1.2864611e+38   1.7278985e-16
      10000.0      8000.00   1.1852097e+38   8.8476729e-23
      10000.0      10000.0   1.0484729e+38   1.9824465e-35
      12000.0      0.00000   2.2459842e+38   1.4984268e+27
      12000.0      50.0000   2.1953584e+38   1.2902462e+27
      12000.0      100.000   2.0340185e+38   8.4171176e+26
      12000.0      150.000   1.8509143e+38   4.5922734e+26
      12000.0      200.000   1.6980908e+38   2.2928248e+26
      12000.0      300.000   1.5107283e+38   5.2802154e+25
      12000.0      400.000   1.4198859e+38   1.2074472e+25
      12000.0      600.000   1.3233658e+38   6.4488654e+23
      12000.0      800.000   1.2736864e+38   3.5404886e+22
      12000.0      1000.00   1.2471907e+38   1.9800809e+21
      12000.0      1500.00   1.1653379e+38   1.4444891e+18
      12000.0      2000.00   1.1289063e+38   1.0920016e+15
      12000.0      2500.00   1.0957867e+38   8.2467881e+11
      12000.0      3000.00   1.0844314e+38   6.3258496e+08
      12000.0      3500.00   1.0631402e+38       478342.10
      12000.0      4000.00   1.0579357e+38       364.97834
      12000.0      5000.00   1.0532043e+38   0.00020917413
      12000.0      5500.00   1.0380639e+38   1.5443210e-07
      12000.0      6000.00   1.0177189e+38   1.1227555e-10
      12000.0      7000.00   9.6803951e+37   5.6492628e-17
      12000.0      8000.00   9.1315555e+37   2.6552481e-23
      12000.0      10000.0   8.2751764e+37   4.6764919e-36
      15000.0      0.00000   4.5534761e+37   6.0798180e+25
      15000.0      50.0000   4.4711502e+37   5.2707527e+25
      15000.0      100.000   4.3060252e+37   3.5920605e+25
      15000.0      150.000   4.1200822e+37   2.0747083e+25
      15000.0      200.000   3.9672586e+37   1.0938941e+25
      15000.0      300.000   3.7619169e+37   2.7148634e+24
      15000.0      400.000   3.6488370e+37   6.4677909e+23
      15000.0      600.000   3.4964868e+37   3.6062547e+22
      15000.0      800.000   3.4283549e+37   2.0482126e+21
      15000.0      1000.00   3.5636723e+37   1.2344159e+20
      15000.0      1500.00   3.9142672e+37   1.1104539e+17
      15000.0      2000.00   4.3779421e+37   1.0442147e+14
      15000.0      2500.00   4.5236685e+37   9.4580203e+10
      15000.0      3000.00   4.7644955e+37       92403771.
      15000.0      3500.00   5.0531094e+37       96993.206
      15000.0      4000.00   5.2376331e+37       105.79357
      15000.0      5000.00   5.6256059e+37   0.00014354995
      15000.0      5500.00   5.7817413e+37   1.7141775e-07
      15000.0      6000.00   5.8053982e+37   2.0042108e-10
      15000.0      7000.00   5.8432492e+37   2.6779588e-16
      15000.0      8000.00   5.8527120e+37   3.3394051e-22
      15000.0      10000.0   5.3701116e+37   3.6090936e-34
      18000.0      0.00000   7.0734070e+36   3.7297436e+23
      18000.0      50.0000   7.1774973e+36   3.3422439e+23
      18000.0      100.000   7.4708426e+36   2.4636275e+23
      18000.0      150.000   7.9912938e+36   1.5944736e+23
      18000.0      200.000   8.6868061e+36   9.5195283e+22
      18000.0      300.000   9.8081422e+36   2.8374061e+22
      18000.0      400.000   1.0645596e+37   7.6600976e+21
      18000.0      600.000   9.8412619e+36   4.3098103e+20
      18000.0      800.000   9.0558535e+36   2.5085755e+19
      18000.0      1000.00   9.4580203e+36   1.7799436e+18
      18000.0      1500.00   1.1719618e+37   4.1588794e+15
      18000.0      2000.00   1.4638877e+37   1.6493577e+13
      18000.0      2500.00   1.6361097e+37   6.9835108e+10
      18000.0      3000.00   1.9242506e+37   3.1889474e+08
      18000.0      3500.00   2.3231055e+37       1479974.4
      18000.0      4000.00   2.5487922e+37       6136.5945
      18000.0      5000.00   2.9793474e+37     0.096520068
      18000.0      5500.00   3.1113528e+37   0.00035835441
      18000.0      6000.00   3.2277446e+37   1.2935582e-06
      18000.0      7000.00   3.4822927e+37   1.5764945e-11
      18000.0      8000.00   3.6270727e+37   1.6810579e-16
      18000.0      10000.0   3.5575215e+37   1.2452982e-26
      24000.0      0.00000   2.5492653e+36   4.4143737e+17
      24000.0      50.0000   2.7948238e+36   4.2724324e+17
      24000.0      100.000   3.0422747e+36   3.2916182e+17
      24000.0      150.000   3.3337274e+36   2.1787985e+17
      24000.0      200.000   3.7661753e+36   1.3508078e+17
      24000.0      300.000   4.8827799e+36   4.6367483e+16
      24000.0      400.000   5.1619311e+36   1.2367817e+16
      24000.0      600.000   4.6533082e+36   7.5938583e+14
      24000.0      800.000   4.7597641e+36   6.9456598e+13
      24000.0      1000.00   5.5972177e+36   1.0707104e+13
      24000.0      1500.00   6.4819849e+36   1.8239454e+11
      24000.0      2000.00   4.5279267e+36   2.2672754e+09
      24000.0      2500.00   4.3859854e+36       38371458.
      24000.0      3000.00   1.2197488e+36       181353.64
      24000.0      3500.00   1.8911309e+36       4646.2111
      24000.0      4000.00   4.0013246e+36       157.83870
      24000.0      5000.00   9.3018850e+36     0.086773434
      24000.0      5500.00   1.1894679e+37    0.0016323246
      24000.0      6000.00   1.3550660e+37   2.6547750e-05
      24000.0      7000.00   1.5651391e+37   5.7013080e-09
      24000.0      8000.00   1.6195499e+37   9.6756636e-13
      24000.0      10000.0   1.6611860e+37   1.7993422e-20
