face-on central tau B
      3.78000
sfr
     0.950000
old
     0.350000
bd
      2.00000
      tau1
      3.17000
   hd [pc]
      5200.00
   zd [pc]
      140.000
 hdin [pc]
      4500.00
 zdin [pc]
      140.000
   hdsolar [pc]
      8000.00
   zdsolar [pc]
      140.000
      tau2
     0.610000
  hd1 [pc]
      3200.00
  zd1 [pc]
      50.0000
hd1in [pc]
      4500.00
zd1in [pc]
      67.0000
  hd1solar [pc]
      8000.00
  zd1solar [pc]
      90.0000
   hs [pc]
      3200.00
   zs [pc]
      140.000
 hsin [pc]
      4500.00
 zsin [pc]
      170.000
   hssolar [pc]
      8000.00
   zssolar [pc]
      300.000
 rtruncate [pc]
      14000.0
  hs1 [pc]
      3200.00
  zs1 [pc]
      50.0000
hs1in [pc]
      4500.00
zs1in [pc]
      67.0000
  hs1solar [pc]
      8000.00
  zs1solar [pc]
      90.0000
rtruncate1 [pc]
      14000.0
   ifinns2
           3
   ifinns1
           3
   ifinnd1
           3
   ifinnd2
           3
    idisk1
           3
    idisk2
           3
nposition in r
          23
nposition in z
          22
          
    r(pc)      z(pc)   urad(erg/pc3/A)        eabs(erg/s/pc3/A)
      0.00000      0.00000   2.1023502e+39   7.1863888e+28
      0.00000      50.0000   1.6971545e+39   4.4794273e+28
      0.00000      100.000   1.2240728e+39   2.0572695e+28
      0.00000      150.000   9.6790848e+38   9.5464942e+27
      0.00000      200.000   8.3956118e+38   4.4979899e+27
      0.00000      300.000   7.3561042e+38   1.0257178e+27
      0.00000      400.000   7.0272806e+38   2.3972308e+26
      0.00000      600.000   6.7727074e+38   1.3349181e+25
      0.00000      800.000   6.6825460e+38   7.5682486e+23
      0.00000      1000.00   6.6189027e+38   4.3065296e+22
      0.00000      1500.00   6.4332765e+38   3.3067996e+19
      0.00000      2000.00   6.3908476e+38   2.5971768e+16
      0.00000      2500.00   6.1999177e+38   1.9915048e+13
      0.00000      3000.00   6.0036843e+38   1.5253177e+10
      0.00000      3500.00   5.7385038e+38       11519436.
      0.00000      4000.00   5.4149838e+38       8591.8449
      0.00000      5000.00   4.7393041e+38    0.0047000574
      0.00000      5500.00   4.4369985e+38   3.4786365e-06
      0.00000      6000.00   4.1543162e+38   2.5743713e-09
      0.00000      7000.00   3.6128178e+38   1.3985614e-15
      0.00000      8000.00   3.1461003e+38   7.6053739e-22
      0.00000      10000.0   2.3404822e+38   2.1628114e-34
      50.0000      0.00000   2.1081842e+39   7.2871573e+28
      50.0000      50.0000   1.7003367e+39   4.5382973e+28
      50.0000      100.000   1.2246031e+39   2.0816661e+28
      50.0000      150.000   9.6896920e+38   9.6631736e+27
      50.0000      200.000   8.3903078e+38   4.5462528e+27
      50.0000      300.000   7.3508006e+38   1.0363250e+27
      50.0000      400.000   7.0325842e+38   2.4258703e+26
      50.0000      600.000   6.7674037e+38   1.3492379e+25
      50.0000      800.000   6.6772424e+38   7.6478027e+23
      50.0000      1000.00   6.6242063e+38   4.3579747e+22
      50.0000      1500.00   6.4279729e+38   3.3423337e+19
      50.0000      2000.00   6.3802404e+38   2.6210430e+16
      50.0000      2500.00   6.1893105e+38   2.0111282e+13
      50.0000      3000.00   5.9983807e+38   1.5406981e+10
      50.0000      3500.00   5.7332002e+38       11641420.
      50.0000      4000.00   5.4149838e+38       8687.3098
      50.0000      5000.00   4.7387737e+38    0.0047520327
      50.0000      5500.00   4.4369985e+38   3.5173528e-06
      50.0000      6000.00   4.1516643e+38   2.6014197e-09
      50.0000      7000.00   3.6128178e+38   1.4144722e-15
      50.0000      8000.00   3.1471610e+38   7.6902316e-22
      50.0000      10000.0   2.3436643e+38   2.1898597e-34
      100.000      0.00000   2.1177307e+39   7.3985331e+28
      100.000      50.0000   1.7072314e+39   4.6067139e+28
      100.000      100.000   1.2256638e+39   2.1065931e+28
      100.000      150.000   9.7002992e+38   9.7798529e+27
      100.000      200.000   8.3743974e+38   4.5865602e+27
      100.000      300.000   7.3667115e+38   1.0501144e+27
      100.000      400.000   7.0113698e+38   2.4439025e+26
      100.000      600.000   6.7780110e+38   1.3662094e+25
      100.000      800.000   6.6772424e+38   7.7326605e+23
      100.000      1000.00   6.6295099e+38   4.4067679e+22
      100.000      1500.00   6.4279729e+38   3.3778679e+19
      100.000      2000.00   6.3537224e+38   2.6401360e+16
      100.000      2500.00   6.1999177e+38   2.0355248e+13
      100.000      3000.00   5.9930771e+38   1.5566089e+10
      100.000      3500.00   5.7332002e+38       11763402.
      100.000      4000.00   5.4096802e+38       8772.1675
      100.000      5000.00   4.7377130e+38    0.0048029474
      100.000      5500.00   4.4274520e+38   3.5481137e-06
      100.000      6000.00   4.1468911e+38   2.6268770e-09
      100.000      7000.00   3.5958462e+38   1.4229580e-15
      100.000      8000.00   3.1466306e+38   7.7750893e-22
      100.000      10000.0   2.3569234e+38   2.2264546e-34
      150.000      0.00000   2.1288683e+39   7.5152125e+28
      150.000      50.0000   1.7151868e+39   4.6793733e+28
      150.000      100.000   1.2299067e+39   2.1368236e+28
      150.000      150.000   9.7002992e+38   9.8859251e+27
      150.000      200.000   8.3743974e+38   4.6353534e+27
      150.000      300.000   7.3454970e+38   1.0586001e+27
      150.000      400.000   7.0060662e+38   2.4704206e+26
      150.000      600.000   6.7833146e+38   1.3810595e+25
      150.000      800.000   6.6772424e+38   7.8175182e+23
      150.000      1000.00   6.6295099e+38   4.4555611e+22
      150.000      1500.00   6.4332765e+38   3.4176450e+19
      150.000      2000.00   6.3696332e+38   2.6751398e+16
      150.000      2500.00   6.1999177e+38   2.0588606e+13
      150.000      3000.00   5.9877734e+38   1.5719894e+10
      150.000      3500.00   5.7278966e+38       11880081.
      150.000      4000.00   5.3990729e+38       8851.7220
      150.000      5000.00   4.7340005e+38    0.0048512102
      150.000      5500.00   4.4279823e+38   3.5868301e-06
      150.000      6000.00   4.1331017e+38   2.6470308e-09
      150.000      7000.00   3.5953158e+38   1.4383385e-15
      150.000      8000.00   3.1482217e+38   7.8599470e-22
      150.000      10000.0   2.3627573e+38   2.2561548e-34
      200.000      0.00000   2.1405362e+39   7.6371955e+28
      200.000      50.0000   1.7242030e+39   4.7546845e+28
      200.000      100.000   1.2346800e+39   2.1681150e+28
      200.000      150.000   9.7162096e+38   1.0007908e+28
      200.000      200.000   8.3743974e+38   4.6873287e+27
      200.000      300.000   7.3508006e+38   1.0702681e+27
      200.000      400.000   6.9901553e+38   2.4900440e+26
      200.000      600.000   6.7780110e+38   1.3953792e+25
      200.000      800.000   6.6772424e+38   7.8970723e+23
      200.000      1000.00   6.6189027e+38   4.4974596e+22
      200.000      1500.00   6.4226693e+38   3.4494666e+19
      200.000      2000.00   6.3590260e+38   2.6995364e+16
      200.000      2500.00   6.1946141e+38   2.0795447e+13
      200.000      3000.00   5.9930771e+38   1.5900217e+10
      200.000      3500.00   5.7225930e+38       11996762.
      200.000      4000.00   5.3937693e+38       8936.5797
      200.000      5000.00   4.7212718e+38    0.0048904569
      200.000      5500.00   4.4364681e+38   3.6324411e-06
      200.000      6000.00   4.1277981e+38   2.6714273e-09
      200.000      7000.00   3.5947855e+38   1.4537189e-15
      200.000      8000.00   3.1423877e+38   7.9341975e-22
      200.000      10000.0   2.3638180e+38   2.2816122e-34
      300.000      0.00000   2.1654631e+39   7.8864651e+28
      300.000      50.0000   1.7432960e+39   4.9100803e+28
      300.000      100.000   1.2436961e+39   2.2306975e+28
      300.000      150.000   9.7586385e+38   1.0267785e+28
      300.000      200.000   8.3797006e+38   4.7886277e+27
      300.000      300.000   7.3454970e+38   1.0920129e+27
      300.000      400.000   6.9848517e+38   2.5420193e+26
      300.000      600.000   6.7780110e+38   1.4250794e+25
      300.000      800.000   6.6825460e+38   8.0720913e+23
      300.000      1000.00   6.6189027e+38   4.5918638e+22
      300.000      1500.00   6.4385801e+38   3.5306118e+19
      300.000      2000.00   6.3431151e+38   2.7499207e+16
      300.000      2500.00   6.2158286e+38   2.1299290e+13
      300.000      3000.00   5.9983807e+38   1.6244952e+10
      300.000      3500.00   5.7066822e+38       12219513.
      300.000      4000.00   5.3937693e+38       9127.5096
      300.000      5000.00   4.7207414e+38    0.0049938772
      300.000      5500.00   4.4301037e+38   3.7045702e-06
      300.000      6000.00   4.1219641e+38   2.7244634e-09
      300.000      7000.00   3.5921337e+38   1.4834191e-15
      300.000      8000.00   3.1227644e+38   8.0508769e-22
      300.000      10000.0   2.3770771e+38   2.3431340e-34
      400.000      0.00000   2.1898597e+39   8.1357346e+28
      400.000      50.0000   1.7618586e+39   5.0675974e+28
      400.000      100.000   1.2543033e+39   2.2980533e+28
      400.000      150.000   9.7851569e+38   1.0511751e+28
      400.000      200.000   8.3956118e+38   4.8994730e+27
      400.000      300.000   7.3242826e+38   1.1121666e+27
      400.000      400.000   6.9901553e+38   2.5955857e+26
      400.000      600.000   6.7833146e+38   1.4558404e+25
      400.000      800.000   6.6772424e+38   8.2365036e+23
      400.000      1000.00   6.6082955e+38   4.6809644e+22
      400.000      1500.00   6.4385801e+38   3.6059231e+19
      400.000      2000.00   6.3325079e+38   2.8018961e+16
      400.000      2500.00   6.2158286e+38   2.1744793e+13
      400.000      3000.00   5.9771662e+38   1.6526042e+10
      400.000      3500.00   5.6960750e+38       12452872.
      400.000      4000.00   5.3937693e+38       9318.4395
      400.000      5000.00   4.7350612e+38    0.0051132085
      400.000      5500.00   4.4131322e+38   3.7671527e-06
      400.000      6000.00   4.1161302e+38   2.7774995e-09
      400.000      7000.00   3.5931944e+38   1.5147104e-15
      400.000      8000.00   3.1248858e+38   8.2258963e-22
      400.000      10000.0   2.3802593e+38   2.3945790e-34
      600.000      0.00000   2.2354707e+39   8.6289705e+28
      600.000      50.0000   1.7989838e+39   5.3884657e+28
      600.000      100.000   1.2749874e+39   2.4332953e+28
      600.000      150.000   9.8647106e+38   1.1036808e+28
      600.000      200.000   8.4327366e+38   5.1206335e+27
      600.000      300.000   7.2924610e+38   1.1524740e+27
      600.000      400.000   6.9636373e+38   2.6931721e+26
      600.000      600.000   6.7567965e+38   1.5099372e+25
      600.000      800.000   6.6825460e+38   8.5759344e+23
      600.000      1000.00   6.6135991e+38   4.8745461e+22
      600.000      1500.00   6.4491873e+38   3.7586670e+19
      600.000      2000.00   6.3484187e+38   2.9238791e+16
      600.000      2500.00   6.2158286e+38   2.2630495e+13
      600.000      3000.00   5.9771662e+38   1.7199601e+10
      600.000      3500.00   5.6854677e+38       12930197.
      600.000      4000.00   5.3778585e+38       9673.7808
      600.000      5000.00   4.7408951e+38    0.0053301260
      600.000      5500.00   4.4083590e+38   3.9167145e-06
      600.000      6000.00   4.1209034e+38   2.8941789e-09
      600.000      7000.00   3.5958462e+38   1.5778233e-15
      600.000      8000.00   3.1450395e+38   8.6130593e-22
      600.000      10000.0   2.3951094e+38   2.5075458e-34
      800.000      0.00000   2.2800210e+39   9.1275096e+28
      800.000      50.0000   1.8355787e+39   5.7172894e+28
      800.000      100.000   1.2967321e+39   2.5743713e+28
      800.000      150.000   9.9283539e+38   1.1545955e+28
      800.000      200.000   8.4592551e+38   5.3407333e+27
      800.000      300.000   7.2659429e+38   1.1933118e+27
      800.000      400.000   6.9318156e+38   2.7843941e+26
      800.000      600.000   6.7408857e+38   1.5645644e+25
      800.000      800.000   6.7037604e+38   8.9418829e+23
      800.000      1000.00   6.6295099e+38   5.0782046e+22
      800.000      1500.00   6.4438837e+38   3.9013340e+19
      800.000      2000.00   6.3484187e+38   3.0405584e+16
      800.000      2500.00   6.1999177e+38   2.3463162e+13
      800.000      3000.00   5.9665589e+38   1.7846641e+10
      800.000      3500.00   5.6854677e+38       13444646.
      800.000      4000.00   5.3619477e+38       10018.516
      800.000      5000.00   4.7382434e+38    0.0055316631
      800.000      5500.00   4.4168448e+38   4.0784745e-06
      800.000      6000.00   4.1394660e+38   3.0209351e-09
      800.000      7000.00   3.6207732e+38   1.6510132e-15
      800.000      8000.00   3.1503431e+38   8.9684014e-22
      800.000      10000.0   2.4078380e+38   2.6189216e-34
      1000.00      0.00000   2.3219196e+39   9.6207447e+28
      1000.00      50.0000   1.8705825e+39   6.0461131e+28
      1000.00      100.000   1.3137037e+39   2.7085526e+28
      1000.00      150.000   1.0023819e+39   1.2102834e+28
      1000.00      200.000   8.4433438e+38   5.5316631e+27
      1000.00      300.000   7.2288177e+38   1.2325585e+27
      1000.00      400.000   6.9052976e+38   2.8798592e+26
      1000.00      600.000   6.7461893e+38   1.6260862e+25
      1000.00      800.000   6.7249749e+38   9.3078323e+23
      1000.00      1000.00   6.6666352e+38   5.3014866e+22
      1000.00      1500.00   6.4863125e+38   4.0774138e+19
      1000.00      2000.00   6.3484187e+38   3.1551163e+16
      1000.00      2500.00   6.1999177e+38   2.4354168e+13
      1000.00      3000.00   5.9559517e+38   1.8493681e+10
      1000.00      3500.00   5.6960750e+38       13975007.
      1000.00      4000.00   5.3460369e+38       10368.554
      1000.00      5000.00   4.7408951e+38    0.0057438074
      1000.00      5500.00   4.4131322e+38   4.2285667e-06
      1000.00      6000.00   4.1479518e+38   3.1418574e-09
      1000.00      7000.00   3.6191821e+38   1.7125350e-15
      1000.00      8000.00   3.1508735e+38   9.3078323e-22
      1000.00      10000.0   2.4099595e+38   2.7180991e-34
      1500.00      0.00000   2.4131416e+39   1.0835271e+29
      1500.00      50.0000   1.9517277e+39   6.8946904e+28
      1500.00      100.000   1.3624969e+39   3.0739712e+28
      1500.00      150.000   1.0172320e+39   1.3418128e+28
      1500.00      200.000   8.4062190e+38   6.0142915e+27
      1500.00      300.000   7.2235141e+38   1.3434039e+27
      1500.00      400.000   6.9636373e+38   3.1667843e+26
      1500.00      600.000   6.8787796e+38   1.8080000e+25
      1500.00      800.000   6.8363507e+38   1.0320821e+24
      1500.00      1000.00   6.7567965e+38   5.8604868e+22
      1500.00      1500.00   6.5499558e+38   4.4910953e+19
      1500.00      2000.00   6.3802404e+38   3.4574221e+16
      1500.00      2500.00   6.1946141e+38   2.6539254e+13
      1500.00      3000.00   5.9347373e+38   2.0095371e+10
      1500.00      3500.00   5.6536461e+38       15136497.
      1500.00      4000.00   5.2951222e+38       11206.524
      1500.00      5000.00   4.6602803e+38    0.0061627925
      1500.00      5500.00   4.3590354e+38   4.5563296e-06
      1500.00      6000.00   4.0890817e+38   3.3783983e-09
      1500.00      7000.00   3.5852390e+38   1.8504288e-15
      1500.00      8000.00   3.1392055e+38   1.0113981e-21
      1500.00      10000.0   2.4120809e+38   2.9631258e-34
      2000.00      0.00000   2.4911047e+39   1.2028583e+29
      2000.00      50.0000   2.0275693e+39   7.7697857e+28
      2000.00      100.000   1.4038650e+39   3.4425720e+28
      2000.00      150.000   1.0262482e+39   1.4690994e+28
      2000.00      200.000   8.4168262e+38   6.5234378e+27
      2000.00      300.000   7.1333527e+38   1.4372778e+27
      2000.00      400.000   6.8893868e+38   3.3943091e+26
      2000.00      600.000   6.8310471e+38   1.9453634e+25
      2000.00      800.000   6.8151363e+38   1.1148184e+24
      2000.00      1000.00   6.7674037e+38   6.3590260e+22
      2000.00      1500.00   6.5764739e+38   4.8846229e+19
      2000.00      2000.00   6.3749368e+38   3.7416954e+16
      2000.00      2500.00   6.1521853e+38   2.8544018e+13
      2000.00      3000.00   5.9082193e+38   2.1670542e+10
      2000.00      3500.00   5.5846992e+38       16197219.
      2000.00      4000.00   5.2733774e+38       12086.923
      2000.00      5000.00   4.5998192e+38    0.0065870811
      2000.00      5500.00   4.3203190e+38   4.8920480e-06
      2000.00      6000.00   4.0286206e+38   3.6059231e-09
      2000.00      7000.00   3.5475834e+38   1.9835493e-15
      2000.00      8000.00   3.1105660e+38   1.0851182e-21
      2000.00      10000.0   2.3988219e+38   3.1832255e-34
      3000.00      0.00000   2.6093751e+39   1.4314438e+29
      3000.00      50.0000   2.1548559e+39   9.5517982e+28
      3000.00      100.000   1.4770548e+39   4.2131862e+28
      3000.00      150.000   1.0485233e+39   1.7395834e+28
      3000.00      200.000   8.3478789e+38   7.4833908e+27
      3000.00      300.000   7.0060662e+38   1.6292684e+27
      3000.00      400.000   6.7514929e+38   3.8398122e+26
      3000.00      600.000   6.7196713e+38   2.2078920e+25
      3000.00      800.000   6.7143677e+38   1.2675623e+24
      3000.00      1000.00   6.6666352e+38   7.2288177e+22
      3000.00      1500.00   6.4810089e+38   5.5581812e+19
      3000.00      2000.00   6.2900791e+38   4.2598579e+16
      3000.00      2500.00   6.0673276e+38   3.2489902e+13
      3000.00      3000.00   5.7650219e+38   2.4401901e+10
      3000.00      3500.00   5.4680198e+38       18286840.
      3000.00      4000.00   5.1216942e+38       13545.415
      3000.00      5000.00   4.4857917e+38    0.0074144439
      3000.00      5500.00   4.1633322e+38   5.4415018e-06
      3000.00      6000.00   3.9092894e+38   4.0371064e-09
      3000.00      7000.00   3.4436327e+38   2.2211510e-15
      3000.00      8000.00   3.0463924e+38   1.2251335e-21
      3000.00      10000.0   2.3373000e+38   3.5465227e-34
      4000.00      0.00000   2.6836256e+39   1.6409363e+29
      4000.00      50.0000   2.2513816e+39   1.1323203e+29
      4000.00      100.000   1.5449410e+39   5.0405490e+28
      4000.00      150.000   1.0692073e+39   2.0233264e+28
      4000.00      200.000   8.4645583e+38   8.6289705e+27
      4000.00      300.000   6.9848517e+38   1.8419431e+27
      4000.00      400.000   6.6878496e+38   4.3086511e+26
      4000.00      600.000   6.6772424e+38   2.4858011e+25
      4000.00      800.000   6.6772424e+38   1.4282616e+24
      4000.00      1000.00   6.6189027e+38   8.1357346e+22
      4000.00      1500.00   6.3961512e+38   6.2158286e+19
      4000.00      2000.00   6.1256672e+38   4.7016484e+16
      4000.00      2500.00   5.8339687e+38   3.5390976e+13
      4000.00      3000.00   5.5104487e+38   2.6438486e+10
      4000.00      3500.00   5.2272361e+38       19824886.
      4000.00      4000.00   4.9031856e+38       14696.297
      4000.00      5000.00   4.3038779e+38    0.0080614841
      4000.00      5500.00   4.0196045e+38   5.9506481e-06
      4000.00      6000.00   3.7671527e+38   4.4083590e-09
      4000.00      7000.00   3.2903584e+38   2.4035951e-15
      4000.00      8000.00   2.9222880e+38   1.3285538e-21
      4000.00      10000.0   2.2927497e+38   3.8806499e-34
      4500.00      0.00000   2.6947632e+39   1.7310976e+29
      4500.00      50.0000   2.2778996e+39   1.2129351e+29
      4500.00      100.000   1.5672161e+39   5.4361982e+28
      4500.00      150.000   1.0798146e+39   2.1707667e+28
      4500.00      200.000   8.5069871e+38   9.2017601e+27
      4500.00      300.000   6.9477265e+38   1.9421812e+27
      4500.00      400.000   6.6454208e+38   4.5367063e+26
      4500.00      600.000   6.6189027e+38   2.6099055e+25
      4500.00      800.000   6.6135991e+38   1.4982692e+24
      4500.00      1000.00   6.5393486e+38   8.5069871e+22
      4500.00      1500.00   6.3059899e+38   6.4863125e+19
      4500.00      2000.00   6.0408095e+38   4.9090195e+16
      4500.00      2500.00   5.7066822e+38   3.6663842e+13
      4500.00      3000.00   5.3778585e+38   2.7329492e+10
      4500.00      3500.00   5.0591117e+38       20312819.
      4500.00      4000.00   4.7583971e+38       15104.676
      4500.00      5000.00   4.1803038e+38    0.0082895396
      4500.00      5500.00   3.8965607e+38   6.1097564e-06
      4500.00      6000.00   3.6552467e+38   4.5282205e-09
      4500.00      7000.00   3.2208812e+38   2.4895136e-15
      4500.00      8000.00   2.8533411e+38   1.3704523e-21
      4500.00      10000.0   2.2752478e+38   4.0291510e-34
      5000.00      0.00000   2.4126113e+39   1.3815899e+29
      5000.00      50.0000   2.0763625e+39   9.9548724e+28
      5000.00      100.000   1.4876620e+39   4.6915716e+28
      5000.00      150.000   1.0623127e+39   1.9443026e+28
      5000.00      200.000   8.3531829e+38   8.2205923e+27
      5000.00      300.000   6.8628688e+38   1.7432960e+27
      5000.00      400.000   6.5552594e+38   4.0652155e+26
      5000.00      600.000   6.5340450e+38   2.3399518e+25
      5000.00      800.000   6.5075270e+38   1.3391610e+24
      5000.00      1000.00   6.4120620e+38   7.5788558e+22
      5000.00      1500.00   6.1999177e+38   5.7915399e+19
      5000.00      2000.00   5.8976120e+38   4.3558532e+16
      5000.00      2500.00   5.5475739e+38   3.2394437e+13
      5000.00      3000.00   5.2245842e+38   2.4104899e+10
      5000.00      3500.00   4.9000034e+38       17873159.
      5000.00      4000.00   4.5860298e+38       13221.895
      5000.00      5000.00   4.0397582e+38    0.0072765501
      5000.00      5500.00   3.7591974e+38   5.3513405e-06
      5000.00      6000.00   3.5147010e+38   3.9533094e-09
      5000.00      7000.00   3.1270073e+38   2.1930419e-15
      5000.00      8000.00   2.7801513e+38   1.2092227e-21
      5000.00      10000.0   2.2296368e+38   3.5300814e-34
      6000.00      0.00000   1.9103596e+39   8.7350427e+28
      6000.00      50.0000   1.6907902e+39   6.5817775e+28
      6000.00      100.000   1.2983233e+39   3.3778679e+28
      6000.00      150.000   9.8806219e+38   1.4977389e+28
      6000.00      200.000   8.0402697e+38   6.5552594e+27
      6000.00      300.000   6.6507244e+38   1.3959096e+27
      6000.00      400.000   6.3165971e+38   3.2352009e+26
      6000.00      600.000   6.2370430e+38   1.8430038e+25
      6000.00      800.000   6.1893105e+38   1.0501144e+24
      6000.00      1000.00   6.1150600e+38   5.9612553e+22
      6000.00      1500.00   5.8233615e+38   4.4863220e+19
      6000.00      2000.00   5.4627162e+38   3.3269533e+16
      6000.00      2500.00   5.1195728e+38   2.4651170e+13
      6000.00      3000.00   4.8055992e+38   1.8292144e+10
      6000.00      3500.00   4.4958685e+38       13524201.
      6000.00      4000.00   4.2142469e+38       10023.819
      6000.00      5000.00   3.7512419e+38    0.0055687884
      6000.00      5500.00   3.5125796e+38   4.1209034e-06
      6000.00      6000.00   3.2908888e+38   3.0485139e-09
      6000.00      7000.00   2.9132718e+38   1.6775312e-15
      6000.00      8000.00   2.6008893e+38   9.2282777e-22
      6000.00      10000.0   2.1500827e+38   2.6820346e-34
      8000.00      0.00000   1.1683848e+39   3.4526488e+28
      8000.00      50.0000   1.0920129e+39   2.8024265e+28
      8000.00      100.000   9.0267407e+38   1.5905520e+28
      8000.00      150.000   7.4780872e+38   7.7538749e+27
      8000.00      200.000   6.4863125e+38   3.6244857e+27
      8000.00      300.000   5.5953064e+38   8.0349661e+26
      8000.00      400.000   5.3566441e+38   1.8700521e+26
      8000.00      600.000   5.1975359e+38   1.0448107e+25
      8000.00      800.000   5.0516866e+38   5.8286651e+23
      8000.00      1000.00   4.9249304e+38   3.2638403e+22
      8000.00      1500.00   4.5361759e+38   2.3760164e+19
      8000.00      2000.00   4.2047004e+38   1.7406441e+16
      8000.00      2500.00   3.9453539e+38   1.2903678e+13
      8000.00      3000.00   3.7273757e+38   9.6313519e+09
      8000.00      3500.00   3.5189439e+38       7181085.2
      8000.00      4000.00   3.3492285e+38       5393.7693
      8000.00      5000.00   3.0331334e+38    0.0030363155
      8000.00      5500.00   2.8894057e+38   2.2763086e-06
      8000.00      6000.00   2.7430260e+38   1.6960938e-09
      8000.00      7000.00   2.4746635e+38   9.3396539e-16
      8000.00      8000.00   2.2418351e+38   5.0495652e-22
      8000.00      10000.0   1.8939184e+38   1.3259020e-34
      10000.0      0.00000   6.8946904e+38   1.3121126e+28
      10000.0      50.0000   6.6931532e+38   1.1169398e+28
      10000.0      100.000   5.9347373e+38   6.9106012e+27
      10000.0      150.000   5.0808564e+38   3.5205349e+27
      10000.0      200.000   4.5446617e+38   1.7040493e+27
      10000.0      300.000   4.0042240e+38   3.8657998e+26
      10000.0      400.000   3.7973833e+38   8.9047581e+25
      10000.0      600.000   3.6032713e+38   4.8459066e+24
      10000.0      800.000   3.4648471e+38   2.6687755e+23
      10000.0      1000.00   3.3412730e+38   1.4754638e+22
      10000.0      1500.00   3.0978374e+38   1.0787538e+19
      10000.0      2000.00   2.8745556e+38   7.8917687e+15
      10000.0      2500.00   2.7048400e+38   5.8445760e+12
      10000.0      3000.00   2.5929340e+38   4.4078286e+09
      10000.0      3500.00   2.5048941e+38       3342333.7
      10000.0      4000.00   2.4184452e+38       2527.6995
      10000.0      5000.00   2.2667621e+38    0.0014399295
      10000.0      5500.00   2.1834954e+38   1.0745109e-06
      10000.0      6000.00   2.1230343e+38   8.0508769e-10
      10000.0      7000.00   1.9724118e+38   4.3341084e-16
      10000.0      8000.00   1.8212590e+38   2.2232725e-22
      10000.0      10000.0   1.5746412e+38   4.8713640e-35
      12000.0      0.00000   3.6769914e+38   4.0127098e+27
      12000.0      50.0000   3.5900122e+38   3.4515880e+27
      12000.0      100.000   3.3147550e+38   2.2428958e+27
      12000.0      150.000   3.0071457e+38   1.2203602e+27
      12000.0      200.000   2.7536332e+38   6.0832384e+26
      12000.0      300.000   2.4375382e+38   1.3937882e+26
      12000.0      400.000   2.2816122e+38   3.1736790e+25
      12000.0      600.000   2.1198521e+38   1.6891992e+24
      12000.0      800.000   2.0307515e+38   9.2335818e+22
      12000.0      1000.00   1.9777154e+38   5.1360139e+21
      12000.0      1500.00   1.8711129e+38   3.7942012e+18
      12000.0      2000.00   1.7661014e+38   2.7944710e+15
      12000.0      2500.00   1.6891992e+38   2.0795447e+12
      12000.0      3000.00   1.6568471e+38   1.5810055e+09
      12000.0      3500.00   1.6372238e+38       1204979.8
      12000.0      4000.00   1.6335113e+38       921.76705
      12000.0      5000.00   1.5926734e+38   0.00051747303
      12000.0      5500.00   1.5645644e+38   3.8079905e-07
      12000.0      6000.00   1.5417588e+38   2.7806817e-10
      12000.0      7000.00   1.4866013e+38   1.4192455e-16
      12000.0      8000.00   1.4054561e+38   6.6825460e-23
      12000.0      10000.0   1.2627891e+38   1.1673241e-35
      15000.0      0.00000   7.8599470e+37   1.7162475e+26
      15000.0      50.0000   7.7114460e+37   1.4866013e+26
      15000.0      100.000   7.4038367e+37   1.0103373e+26
      15000.0      150.000   7.0484950e+37   5.8074507e+25
      15000.0      200.000   6.7355821e+37   3.0384370e+25
      15000.0      300.000   6.3059899e+37   7.4409620e+24
      15000.0      400.000   6.0779348e+37   1.7623890e+24
      15000.0      600.000   5.7915399e+37   9.7692457e+22
      15000.0      800.000   5.6377353e+37   5.5051451e+21
      15000.0      1000.00   5.7862363e+37   3.2786904e+20
      15000.0      1500.00   6.2847755e+37   2.9153933e+17
      15000.0      2000.00   6.9583337e+37   2.7138562e+14
      15000.0      2500.00   7.2129068e+37   2.4672384e+11
      15000.0      3000.00   7.4621764e+37   2.3680609e+08
      15000.0      3500.00   7.7220532e+37       242374.88
      15000.0      4000.00   7.8864651e+37       260.56626
      15000.0      5000.00   8.4327366e+37   0.00035215957
      15000.0      5500.00   8.7244354e+37   4.2296274e-07
      15000.0      6000.00   8.8888469e+37   5.0198650e-10
      15000.0      7000.00   8.9684014e+37   6.7249749e-16
      15000.0      8000.00   9.0320447e+37   8.4327366e-22
      15000.0      10000.0   8.3372717e+37   9.1593313e-34
      18000.0      0.00000   1.1248953e+37   9.7002992e+23
      18000.0      50.0000   1.1408061e+37   8.6873098e+23
      18000.0      100.000   1.1752795e+37   6.3431151e+23
      18000.0      150.000   1.2421050e+37   4.0535476e+23
      18000.0      200.000   1.3333271e+37   2.3898058e+23
      18000.0      300.000   1.5115283e+37   7.1492636e+22
      18000.0      400.000   1.5719894e+37   1.8498984e+22
      18000.0      600.000   1.4892531e+37   1.0670859e+21
      18000.0      800.000   1.3200680e+37   5.9824698e+19
      18000.0      1000.00   1.4218973e+37   4.3760069e+18
      18000.0      1500.00   1.8005749e+37   1.0448107e+16
      18000.0      2000.00   2.3187374e+37   4.2731170e+13
      18000.0      2500.00   2.6512736e+37   1.8504288e+11
      18000.0      3000.00   3.0087368e+37   8.1569490e+08
      18000.0      3500.00   3.5550084e+37       3704570.2
      18000.0      4000.00   3.9517183e+37       15555.482
      18000.0      5000.00   4.4163144e+37      0.23394214
      18000.0      5500.00   4.5510260e+37   0.00085759344
      18000.0      6000.00   4.7902187e+37   3.1397359e-06
      18000.0      7000.00   5.1545766e+37   3.8170066e-11
      18000.0      8000.00   5.4945379e+37   4.1659841e-16
      18000.0      10000.0   5.4521090e+37   3.1222340e-26
      24000.0      0.00000   3.9214877e+36   1.1105755e+18
      24000.0      50.0000   4.2412953e+36   1.0607216e+18
      24000.0      100.000   4.5367063e+36   8.0296625e+17
      24000.0      150.000   4.9450841e+36   5.2866365e+17
      24000.0      200.000   5.6112172e+36   3.2935405e+17
      24000.0      300.000   7.2235141e+36   1.1217131e+17
      24000.0      400.000   7.6478027e+36   2.9981296e+16
      24000.0      600.000   7.1704780e+36   1.9146024e+15
      24000.0      800.000   6.9795481e+36   1.6648026e+14
      24000.0      1000.00   7.8228218e+36   2.4492062e+13
      24000.0      1500.00   8.4221294e+36   3.8785285e+11
      24000.0      2000.00   6.3006863e+36   5.1614712e+09
      24000.0      2500.00   6.4226693e+36       91911529.
      24000.0      3000.00   2.2068313e+36       536725.13
      24000.0      3500.00   3.3715036e+36       13550.718
      24000.0      4000.00   6.8363507e+36       441.26019
      24000.0      5000.00   1.4521279e+37      0.22153170
      24000.0      5500.00   1.7851944e+37    0.0040063455
      24000.0      6000.00   2.0514356e+37   6.5711703e-05
      24000.0      7000.00   2.1887990e+37   1.3041572e-08
      24000.0      8000.00   2.3171463e+37   2.2646406e-12
      24000.0      10000.0   2.4348865e+37   4.3128940e-20
