face-on central tau B
      3.78000
sfr
     0.950000
old
     0.350000
bd
      2.00000
      tau1
      3.17000
   hd [pc]
      5200.00
   zd [pc]
      140.000
 hdin [pc]
      4500.00
 zdin [pc]
      140.000
   hdsolar [pc]
      8000.00
   zdsolar [pc]
      140.000
      tau2
     0.610000
  hd1 [pc]
      3200.00
  zd1 [pc]
      50.0000
hd1in [pc]
      4500.00
zd1in [pc]
      67.0000
  hd1solar [pc]
      8000.00
  zd1solar [pc]
      90.0000
   hs [pc]
      3200.00
   zs [pc]
      140.000
 hsin [pc]
      4500.00
 zsin [pc]
      170.000
   hssolar [pc]
      8000.00
   zssolar [pc]
      300.000
 rtruncate [pc]
      14000.0
  hs1 [pc]
      3200.00
  zs1 [pc]
      50.0000
hs1in [pc]
      4500.00
zs1in [pc]
      67.0000
  hs1solar [pc]
      8000.00
  zs1solar [pc]
      90.0000
rtruncate1 [pc]
      14000.0
   ifinns2
           3
   ifinns1
           3
   ifinnd1
           3
   ifinnd2
           3
    idisk1
           3
    idisk2
           3
nposition in r
          23
nposition in z
          22
          
    r(pc)      z(pc)   urad(erg/pc3/A)        eabs(erg/s/pc3/A)
      0.00000      0.00000   2.6011584e+39   1.1615650e+29
      0.00000      50.0000   2.0791685e+39   7.1693947e+28
      0.00000      100.000   1.4406923e+39   3.1649076e+28
      0.00000      150.000   1.1121134e+39   1.4329998e+28
      0.00000      200.000   9.5375805e+38   6.6759769e+27
      0.00000      300.000   8.2902996e+38   1.5099246e+27
      0.00000      400.000   7.8804000e+38   3.5121683e+26
      0.00000      600.000   7.5803931e+38   1.9516930e+25
      0.00000      800.000   7.4792923e+38   1.1066187e+24
      0.00000      1000.00   7.3672011e+38   6.2616817e+22
      0.00000      1500.00   7.1430205e+38   4.7990109e+19
      0.00000      2000.00   7.0913710e+38   3.7660202e+16
      0.00000      2500.00   6.9979622e+38   2.9374298e+13
      0.00000      3000.00   6.7891663e+38   2.2527988e+10
      0.00000      3500.00   6.5496004e+38       17176217.
      0.00000      4000.00   6.1990429e+38       12857.437
      0.00000      5000.00   5.5396871e+38    0.0071770869
      0.00000      5500.00   5.2220975e+38   5.3484740e-06
      0.00000      6000.00   4.9209917e+38   3.9847066e-09
      0.00000      7000.00   4.3506490e+38   2.2011492e-15
      0.00000      8000.00   3.7879987e+38   1.1956317e-21
      0.00000      10000.0   2.8484168e+38   3.4396391e-34
      50.0000      0.00000   2.6077520e+39   1.1780489e+29
      50.0000      50.0000   2.0824652e+39   7.2628033e+28
      50.0000      100.000   1.4417912e+39   3.2011721e+28
      50.0000      150.000   1.1110144e+39   1.4472858e+28
      50.0000      200.000   9.5232946e+38   6.7408135e+27
      50.0000      300.000   8.2859040e+38   1.5264086e+27
      50.0000      400.000   7.8825978e+38   3.5517296e+26
      50.0000      600.000   7.5814924e+38   1.9747705e+25
      50.0000      800.000   7.4759953e+38   1.1187069e+24
      50.0000      1000.00   7.3672011e+38   6.3309140e+22
      50.0000      1500.00   7.1419216e+38   4.8506604e+19
      50.0000      2000.00   7.0858764e+38   3.8044826e+16
      50.0000      2500.00   6.9924676e+38   2.9681998e+13
      50.0000      3000.00   6.7836716e+38   2.2758762e+10
      50.0000      3500.00   6.5485015e+38       17363035.
      50.0000      4000.00   6.1946472e+38       12989.308
      50.0000      5000.00   5.5297968e+38    0.0072452210
      50.0000      5500.00   5.2198996e+38   5.4067170e-06
      50.0000      6000.00   4.9067056e+38   4.0165754e-09
      50.0000      7000.00   4.3506490e+38   2.2253256e-15
      50.0000      8000.00   3.7792073e+38   1.2066210e-21
      50.0000      10000.0   2.8517136e+38   3.4824972e-34
      100.000      0.00000   2.6198401e+39   1.1956317e+29
      100.000      50.0000   2.0901577e+39   7.3693996e+28
      100.000      100.000   1.4439891e+39   3.2429313e+28
      100.000      150.000   1.1110144e+39   1.4637698e+28
      100.000      200.000   9.5199983e+38   6.8122437e+27
      100.000      300.000   8.2749144e+38   1.5406946e+27
      100.000      400.000   7.8793008e+38   3.5890931e+26
      100.000      600.000   7.5781953e+38   1.9956500e+25
      100.000      800.000   7.4551153e+38   1.1274983e+24
      100.000      1000.00   7.3661026e+38   6.3990475e+22
      100.000      1500.00   7.1408226e+38   4.9034089e+19
      100.000      2000.00   7.0792828e+38   3.8429450e+16
      100.000      2500.00   6.9924676e+38   3.0011675e+13
      100.000      3000.00   6.7737813e+38   2.2978548e+10
      100.000      3500.00   6.5320175e+38       17516884.
      100.000      4000.00   6.1869547e+38       13110.190
      100.000      5000.00   5.5297968e+38    0.0073243433
      100.000      5500.00   5.2111082e+38   5.4550698e-06
      100.000      6000.00   4.9045078e+38   4.0583346e-09
      100.000      7000.00   4.3495500e+38   2.2495020e-15
      100.000      8000.00   3.7879987e+38   1.2231049e-21
      100.000      10000.0   2.8605050e+38   3.5308500e-34
      150.000      0.00000   2.6330272e+39   1.2143135e+29
      150.000      50.0000   2.0989491e+39   7.4825886e+28
      150.000      100.000   1.4483848e+39   3.2868883e+28
      150.000      150.000   1.1121134e+39   1.4813526e+28
      150.000      200.000   9.5101079e+38   6.8781793e+27
      150.000      300.000   8.2617277e+38   1.5549807e+27
      150.000      400.000   7.8749052e+38   3.6264566e+26
      150.000      600.000   7.5759976e+38   2.0165297e+25
      150.000      800.000   7.4507197e+38   1.1395865e+24
      150.000      1000.00   7.3726959e+38   6.4748734e+22
      150.000      1500.00   7.1474162e+38   4.9616520e+19
      150.000      2000.00   7.0770850e+38   3.8836053e+16
      150.000      2500.00   6.9869730e+38   3.0308386e+13
      150.000      3000.00   6.7781770e+38   2.3242290e+10
      150.000      3500.00   6.5353143e+38       17714691.
      150.000      4000.00   6.1869547e+38       13253.051
      150.000      5000.00   5.5243022e+38    0.0073968723
      150.000      5500.00   5.2198996e+38   5.5254011e-06
      150.000      6000.00   4.8869249e+38   4.0880056e-09
      150.000      7000.00   4.3495500e+38   2.2736784e-15
      150.000      8000.00   3.7879987e+38   1.2362920e-21
      150.000      10000.0   2.8539114e+38   3.5605210e-34
      200.000      0.00000   2.6462144e+39   1.2340942e+29
      200.000      50.0000   2.1088394e+39   7.5990746e+28
      200.000      100.000   1.4527805e+39   3.3341422e+28
      200.000      150.000   1.1143112e+39   1.5000343e+28
      200.000      200.000   9.5134042e+38   6.9551041e+27
      200.000      300.000   8.2595299e+38   1.5714645e+27
      200.000      400.000   7.8705096e+38   3.6638201e+26
      200.000      600.000   7.5716020e+38   2.0363103e+25
      200.000      800.000   7.4397308e+38   1.1494769e+24
      200.000      1000.00   7.3726959e+38   6.5441058e+22
      200.000      1500.00   7.1463173e+38   5.0144004e+19
      200.000      2000.00   7.0781839e+38   3.9253645e+16
      200.000      2500.00   6.9715880e+38   3.0572128e+13
      200.000      3000.00   6.7880673e+38   2.3528010e+10
      200.000      3500.00   6.5276218e+38       17879530.
      200.000      4000.00   6.1946472e+38       13417.889
      200.000      5000.00   5.5221043e+38    0.0074726982
      200.000      5500.00   5.1979211e+38   5.5605667e-06
      200.000      6000.00   4.8814304e+38   4.1286659e-09
      200.000      7000.00   4.3385608e+38   2.2923601e-15
      200.000      8000.00   3.7901966e+38   1.2494792e-21
      200.000      10000.0   2.8572082e+38   3.6033791e-34
      300.000      0.00000   2.6747865e+39   1.2725566e+29
      300.000      50.0000   2.1308180e+39   7.8397400e+28
      300.000      100.000   1.4626708e+39   3.4286498e+28
      300.000      150.000   1.1176080e+39   1.5373978e+28
      300.000      200.000   9.5265916e+38   7.1133495e+27
      300.000      300.000   8.2507381e+38   1.6033334e+27
      300.000      400.000   7.8408385e+38   3.7275578e+26
      300.000      600.000   7.5474257e+38   2.0736738e+25
      300.000      800.000   7.4507197e+38   1.1758510e+24
      300.000      1000.00   7.3792900e+38   6.6891640e+22
      300.000      1500.00   7.1496141e+38   5.1231941e+19
      300.000      2000.00   7.0682936e+38   4.0044872e+16
      300.000      2500.00   6.9858741e+38   3.1286430e+13
      300.000      3000.00   6.7759792e+38   2.3978571e+10
      300.000      3500.00   6.5122368e+38       18220197.
      300.000      4000.00   6.1968450e+38       13703.610
      300.000      5000.00   5.5100162e+38    0.0076155591
      300.000      5500.00   5.1913275e+38   5.6715583e-06
      300.000      6000.00   4.8759357e+38   4.2110853e-09
      300.000      7000.00   4.3066919e+38   2.3231300e-15
      300.000      8000.00   3.7945923e+38   1.2780512e-21
      300.000      10000.0   2.8517136e+38   3.6726115e-34
      400.000      0.00000   2.7022596e+39   1.3121180e+29
      400.000      50.0000   2.1516976e+39   8.0837016e+28
      400.000      100.000   1.4725612e+39   3.5242564e+28
      400.000      150.000   1.1209048e+39   1.5736624e+28
      400.000      200.000   9.5243938e+38   7.2606055e+27
      400.000      300.000   8.2364521e+38   1.6341033e+27
      400.000      400.000   7.8353437e+38   3.8022848e+26
      400.000      600.000   7.5320405e+38   2.1121362e+25
      400.000      800.000   7.4529175e+38   1.2011264e+24
      400.000      1000.00   7.3672011e+38   6.8177383e+22
      400.000      1500.00   7.1496141e+38   5.2297899e+19
      400.000      2000.00   7.0748871e+38   4.0913023e+16
      400.000      2500.00   6.9825773e+38   3.1912818e+13
      400.000      3000.00   6.7759792e+38   2.4484076e+10
      400.000      3500.00   6.5056433e+38       18582843.
      400.000      4000.00   6.1990429e+38       14000.320
      400.000      5000.00   5.5045215e+38    0.0077661118
      400.000      5500.00   5.1858329e+38   5.7847477e-06
      400.000      6000.00   4.8715400e+38   4.2946038e-09
      400.000      7000.00   4.3033951e+38   2.3703839e-15
      400.000      8000.00   3.7989880e+38   1.3066233e-21
      400.000      10000.0   2.8550104e+38   3.7539320e-34
      600.000      0.00000   2.7539091e+39   1.3890428e+29
      600.000      50.0000   2.1912589e+39   8.5760205e+28
      600.000      100.000   1.4934408e+39   3.7231621e+28
      600.000      150.000   1.1296962e+39   1.6505872e+28
      600.000      200.000   9.5101079e+38   7.5463264e+27
      600.000      300.000   8.1924951e+38   1.6912475e+27
      600.000      400.000   7.8012770e+38   3.9407495e+26
      600.000      600.000   7.5386338e+38   2.2000503e+25
      600.000      800.000   7.4507197e+38   1.2494792e+24
      600.000      1000.00   7.3683004e+38   7.0968657e+22
      600.000      1500.00   7.1639001e+38   5.4539709e+19
      600.000      2000.00   7.0660957e+38   4.2528445e+16
      600.000      2500.00   6.9627966e+38   3.3121637e+13
      600.000      3000.00   6.7430114e+38   2.5363218e+10
      600.000      3500.00   6.4902584e+38       19297145.
      600.000      4000.00   6.1891525e+38       14549.784
      600.000      5000.00   5.4814441e+38    0.0080496350
      600.000      5500.00   5.1693490e+38   6.0001373e-06
      600.000      6000.00   4.8693421e+38   4.4682340e-09
      600.000      7000.00   4.3044941e+38   2.4681883e-15
      600.000      8000.00   3.8187687e+38   1.3659653e-21
      600.000      10000.0   2.8813846e+38   3.9418484e-34
      800.000      0.00000   2.8033609e+39   1.4659676e+29
      800.000      50.0000   2.2308203e+39   9.0782298e+28
      800.000      100.000   1.5143203e+39   3.9253645e+28
      800.000      150.000   1.1351908e+39   1.7253142e+28
      800.000      200.000   9.5156020e+38   7.8485311e+27
      800.000      300.000   8.1672195e+38   1.7527873e+27
      800.000      400.000   7.7364407e+38   4.0616314e+26
      800.000      600.000   7.5276449e+38   2.2835687e+25
      800.000      800.000   7.4474234e+38   1.2978319e+24
      800.000      1000.00   7.3880811e+38   7.3957737e+22
      800.000      1500.00   7.1770869e+38   5.6792508e+19
      800.000      2000.00   7.0847774e+38   4.4308706e+16
      800.000      2500.00   6.9616977e+38   3.4418370e+13
      800.000      3000.00   6.7298243e+38   2.6297305e+10
      800.000      3500.00   6.4825659e+38       20033425.
      800.000      4000.00   6.1781633e+38       15088.257
      800.000      5000.00   5.4693559e+38    0.0083474433
      800.000      5500.00   5.1792393e+38   6.2473957e-06
      800.000      6000.00   4.8660454e+38   4.6396665e-09
      800.000      7000.00   4.3198790e+38   2.5736853e-15
      800.000      8000.00   3.8363515e+38   1.4264063e-21
      800.000      10000.0   2.8956706e+38   4.1143798e-34
      1000.00      0.00000   2.8495157e+39   1.5428924e+29
      1000.00      50.0000   2.2692827e+39   9.5881317e+28
      1000.00      100.000   1.5341010e+39   4.1319627e+28
      1000.00      150.000   1.1406855e+39   1.8000411e+28
      1000.00      200.000   9.5309872e+38   8.1584284e+27
      1000.00      300.000   8.0957898e+38   1.8022390e+27
      1000.00      400.000   7.7265503e+38   4.2088875e+26
      1000.00      600.000   7.5122597e+38   2.3648893e+25
      1000.00      800.000   7.4705005e+38   1.3505804e+24
      1000.00      1000.00   7.4287412e+38   7.7155614e+22
      1000.00      1500.00   7.2056595e+38   5.9166188e+19
      1000.00      2000.00   7.0880742e+38   4.6012041e+16
      1000.00      2500.00   6.9518074e+38   3.5660157e+13
      1000.00      3000.00   6.7254286e+38   2.7275349e+10
      1000.00      3500.00   6.4924562e+38       20813663.
      1000.00      4000.00   6.1704708e+38       15637.721
      1000.00      5000.00   5.4715538e+38    0.0086650332
      1000.00      5500.00   5.1737447e+38   6.4770713e-06
      1000.00      6000.00   4.8583529e+38   4.8078023e-09
      1000.00      7000.00   4.3165822e+38   2.6681929e-15
      1000.00      8000.00   3.8209665e+38   1.4747590e-21
      1000.00      10000.0   2.8934728e+38   4.2638338e-34
      1500.00      0.00000   2.9506170e+39   1.7308088e+29
      1500.00      50.0000   2.3593946e+39   1.0889260e+29
      1500.00      100.000   1.5802559e+39   4.6594472e+28
      1500.00      150.000   1.1549715e+39   1.9901554e+28
      1500.00      200.000   9.4815353e+38   8.8584445e+27
      1500.00      300.000   8.0474372e+38   1.9549898e+27
      1500.00      400.000   7.7419355e+38   4.6001052e+26
      1500.00      600.000   7.6672080e+38   2.6330272e+25
      1500.00      800.000   7.6067672e+38   1.5011332e+24
      1500.00      1000.00   7.5210509e+38   8.5221731e+22
      1500.00      1500.00   7.3122551e+38   6.5496004e+19
      1500.00      2000.00   7.1375259e+38   5.0539617e+16
      1500.00      2500.00   6.9616977e+38   3.8967924e+13
      1500.00      3000.00   6.7265275e+38   2.9758922e+10
      1500.00      3500.00   6.4528949e+38       22571945.
      1500.00      4000.00   6.1484923e+38       17000.389
      1500.00      5000.00   5.4781472e+38    0.0094650516
      1500.00      5500.00   5.1220952e+38   6.9946655e-06
      1500.00      6000.00   4.8396711e+38   5.2242953e-09
      1500.00      7000.00   4.2792188e+38   2.8857803e-15
      1500.00      8000.00   3.7704159e+38   1.5868495e-21
      1500.00      10000.0   2.9231438e+38   4.6913161e-34
      2000.00      0.00000   3.0341353e+39   1.9143295e+29
      2000.00      50.0000   2.4385173e+39   1.2209071e+29
      2000.00      100.000   1.6253119e+39   5.2100093e+28
      2000.00      150.000   1.1659607e+39   2.1802696e+28
      2000.00      200.000   9.4309849e+38   9.5529657e+27
      2000.00      300.000   7.9045763e+38   2.0802673e+27
      2000.00      400.000   7.6188554e+38   4.9045078e+26
      2000.00      600.000   7.5617116e+38   2.8132512e+25
      2000.00      800.000   7.5551176e+38   1.6143226e+24
      2000.00      1000.00   7.4935782e+38   9.1991114e+22
      2000.00      1500.00   7.2924744e+38   7.0759860e+19
      2000.00      2000.00   7.1375259e+38   5.4748505e+16
      2000.00      2500.00   6.9452138e+38   4.2110853e+13
      2000.00      3000.00   6.7166371e+38   3.2187549e+10
      2000.00      3500.00   6.4243228e+38       24341216.
      2000.00      4000.00   6.0825567e+38       18220.197
      2000.00      5000.00   5.4210031e+38     0.010146386
      2000.00      5500.00   5.0891274e+38   7.5287435e-06
      2000.00      6000.00   4.7715377e+38   5.5792485e-09
      2000.00      7000.00   4.2374596e+38   3.0956752e-15
      2000.00      8000.00   3.7374482e+38   1.7033357e-21
      2000.00      10000.0   2.9033631e+38   5.0330822e-34
      3000.00      0.00000   3.1528193e+39   2.2593924e+29
      3000.00      50.0000   2.5714874e+39   1.4890450e+29
      3000.00      100.000   1.7132260e+39   6.3836625e+28
      3000.00      150.000   1.1912360e+39   2.5824766e+28
      3000.00      200.000   9.3386752e+38   1.0938712e+28
      3000.00      300.000   7.6441310e+38   2.3220312e+27
      3000.00      400.000   7.3529152e+38   5.4627623e+26
      3000.00      600.000   7.3485196e+38   3.1550172e+25
      3000.00      800.000   7.3792900e+38   1.8198218e+24
      3000.00      1000.00   7.3474211e+38   1.0406832e+23
      3000.00      1500.00   7.2155499e+38   8.0782068e+19
      3000.00      2000.00   7.0693924e+38   6.2572860e+16
      3000.00      2500.00   6.8792782e+38   4.8132969e+13
      3000.00      3000.00   6.6287231e+38   3.6660180e+10
      3000.00      3500.00   6.3067376e+38       27572059.
      3000.00      4000.00   5.9737630e+38       20637.835
      3000.00      5000.00   5.2792416e+38     0.011395865
      3000.00      5500.00   4.9506627e+38   8.4507427e-06
      3000.00      6000.00   4.6297762e+38   6.2473957e-09
      3000.00      7000.00   4.0781152e+38   3.4374413e-15
      3000.00      8000.00   3.6297533e+38   1.9066370e-21
      3000.00      10000.0   2.8583071e+38   5.6660637e-34
      4000.00      0.00000   3.2154581e+39   2.5692896e+29
      4000.00      50.0000   2.6714896e+39   1.7549852e+29
      4000.00      100.000   1.7890519e+39   7.6232509e+28
      4000.00      150.000   1.2209071e+39   3.0176515e+28
      4000.00      200.000   9.3650493e+38   1.2472813e+28
      4000.00      300.000   7.4606101e+38   2.5703885e+27
      4000.00      400.000   7.1979669e+38   6.0605782e+26
      4000.00      600.000   7.2100551e+38   3.5077726e+25
      4000.00      800.000   7.2573092e+38   2.0286178e+24
      4000.00      1000.00   7.2375284e+38   1.1615650e+23
      4000.00      1500.00   7.0979645e+38   9.0067994e+19
      4000.00      2000.00   6.9430160e+38   6.9638956e+16
      4000.00      2500.00   6.7265275e+38   5.3341880e+13
      4000.00      3000.00   6.4122346e+38   4.0187733e+10
      4000.00      3500.00   6.0869524e+38       30165525.
      4000.00      4000.00   5.7451863e+38       22506.010
      4000.00      5000.00   5.0605553e+38     0.012384899
      4000.00      5500.00   4.7319764e+38   9.1529565e-06
      4000.00      6000.00   4.4517502e+38   6.8056502e-09
      4000.00      7000.00   3.9055838e+38   3.7275578e-15
      4000.00      8000.00   3.4956843e+38   2.0758716e-21
      4000.00      10000.0   2.7736898e+38   6.1331073e-34
      4500.00      0.00000   3.2176560e+39   2.7000617e+29
      4500.00      50.0000   2.7000617e+39   1.8780649e+29
      4500.00      100.000   1.8209208e+39   8.2573314e+28
      4500.00      150.000   1.2373909e+39   3.2495249e+28
      4500.00      200.000   9.3782367e+38   1.3253051e+28
      4500.00      300.000   7.4100597e+38   2.7055564e+27
      4500.00      400.000   7.1155474e+38   6.3452000e+26
      4500.00      600.000   7.1913736e+38   3.7044804e+25
      4500.00      800.000   7.2232425e+38   2.1374115e+24
      4500.00      1000.00   7.1825817e+38   1.2209071e+23
      4500.00      1500.00   7.0825796e+38   9.5156020e+19
      4500.00      2000.00   6.8594975e+38   7.2858811e+16
      4500.00      2500.00   6.5517982e+38   5.5001258e+13
      4500.00      3000.00   6.2188236e+38   4.1275670e+10
      4500.00      3500.00   5.9298060e+38       31110602.
      4500.00      4000.00   5.5891388e+38       23176.355
      4500.00      5000.00   4.9264863e+38     0.012769523
      4500.00      5500.00   4.6110945e+38   9.4430731e-06
      4500.00      6000.00   4.3407586e+38   7.0265343e-09
      4500.00      7000.00   3.8132741e+38   3.8506375e-15
      4500.00      8000.00   3.4066713e+38   2.1374115e-21
      4500.00      10000.0   2.7330295e+38   6.3221226e-34
      5000.00      0.00000   2.8890771e+39   2.1615879e+29
      5000.00      50.0000   2.4714851e+39   1.5483871e+29
      5000.00      100.000   1.7352045e+39   7.1485152e+28
      5000.00      150.000   1.2253028e+39   2.9286384e+28
      5000.00      200.000   9.4496664e+38   1.2154124e+28
      5000.00      300.000   7.5254472e+38   2.4978594e+27
      5000.00      400.000   7.1935713e+38   5.8276058e+26
      5000.00      600.000   7.1836810e+38   3.3616154e+25
      5000.00      800.000   7.1792854e+38   1.9297145e+24
      5000.00      1000.00   7.1441195e+38   1.1033219e+23
      5000.00      1500.00   6.9924676e+38   8.5331620e+19
      5000.00      2000.00   6.6946586e+38   6.4583895e+16
      5000.00      2500.00   6.3605850e+38   4.8506604e+13
      5000.00      3000.00   6.0309071e+38   3.6352480e+10
      5000.00      3500.00   5.7023282e+38       27176446.
      5000.00      4000.00   5.3737493e+38       20242.221
      5000.00      5000.00   4.7858238e+38     0.011263994
      5000.00      5500.00   4.4748276e+38   8.3221685e-06
      5000.00      6000.00   4.1978982e+38   6.1693719e-09
      5000.00      7000.00   3.7033814e+38   3.3934842e-15
      5000.00      8000.00   3.3154604e+38   1.8846585e-21
      5000.00      10000.0   2.6912703e+38   5.5660614e-34
      6000.00      0.00000   2.2989537e+39   1.3736578e+29
      6000.00      50.0000   2.0429038e+39   1.0382655e+29
      6000.00      100.000   1.5209139e+39   5.1693490e+28
      6000.00      150.000   1.1406855e+39   2.2604913e+28
      6000.00      200.000   9.2463655e+38   9.8474778e+27
      6000.00      300.000   7.5221501e+38   2.0637835e+27
      6000.00      400.000   7.1880765e+38   4.8089012e+26
      6000.00      600.000   7.0869753e+38   2.7363264e+25
      6000.00      800.000   7.0891731e+38   1.5725634e+24
      6000.00      1000.00   7.0023580e+38   8.9188853e+22
      6000.00      1500.00   6.6671855e+38   6.7122414e+19
      6000.00      2000.00   6.2704731e+38   4.9913230e+16
      6000.00      2500.00   5.8957393e+38   3.7088761e+13
      6000.00      3000.00   5.5583689e+38   2.7637995e+10
      6000.00      3500.00   5.2144050e+38       20494974.
      6000.00      4000.00   4.9418713e+38       15352.000
      6000.00      5000.00   4.4264749e+38    0.0085881087
      6000.00      5500.00   4.1605347e+38   6.3781679e-06
      6000.00      6000.00   3.9209688e+38   4.7451635e-09
      6000.00      7000.00   3.4671122e+38   2.6077520e-15
      6000.00      8000.00   3.1198516e+38   1.4461869e-21
      6000.00      10000.0   2.5835756e+38   4.2099864e-34
      8000.00      0.00000   1.4264063e+39   5.5089172e+28
      8000.00      50.0000   1.3516792e+39   4.5341696e+28
      8000.00      100.000   1.0888161e+39   2.5055518e+28
      8000.00      150.000   8.8716312e+38   1.2022253e+28
      8000.00      200.000   7.6045694e+38   5.5517754e+27
      8000.00      300.000   6.4924562e+38   1.2176103e+27
      8000.00      400.000   6.1737676e+38   2.8176469e+26
      8000.00      600.000   6.0111265e+38   1.5791570e+25
      8000.00      800.000   5.8594747e+38   8.8353667e+23
      8000.00      1000.00   5.7221089e+38   4.9550584e+22
      8000.00      1500.00   5.3429794e+38   3.6561276e+19
      8000.00      2000.00   4.9122003e+38   2.6572036e+16
      8000.00      2500.00   4.6220837e+38   1.9747705e+13
      8000.00      3000.00   4.3671329e+38   1.4736601e+10
      8000.00      3500.00   4.1231713e+38       10989262.
      8000.00      4000.00   3.9099795e+38       8227.6610
      8000.00      5000.00   3.5583231e+38    0.0046539526
      8000.00      5500.00   3.4132649e+38   3.5121683e-06
      8000.00      6000.00   3.2484259e+38   2.6242358e-09
      8000.00      7000.00   2.9396277e+38   1.4494837e-15
      8000.00      8000.00   2.6484122e+38   7.7924859e-22
      8000.00      10000.0   2.2615902e+38   2.0681792e-34
      10000.0      0.00000   8.5727235e+38   2.1319169e+28
      10000.0      50.0000   8.2859040e+38   1.8077337e+28
      10000.0      100.000   7.3232448e+38   1.1143112e+28
      10000.0      150.000   6.2331096e+38   5.6429862e+27
      10000.0      200.000   5.5111150e+38   2.7000617e+27
      10000.0      300.000   4.8034066e+38   6.0594792e+26
      10000.0      400.000   4.5528514e+38   1.3945374e+26
      10000.0      600.000   4.3407586e+38   7.6265480e+24
      10000.0      800.000   4.1869089e+38   4.2132832e+23
      10000.0      1000.00   4.0649282e+38   2.3451086e+22
      10000.0      1500.00   3.7242610e+38   1.6945442e+19
      10000.0      2000.00   3.4506284e+38   1.2373909e+16
      10000.0      2500.00   3.2352388e+38   9.1375714e+12
      10000.0      3000.00   3.1000709e+38   6.8847728e+09
      10000.0      3500.00   2.9758922e+38       5188030.7
      10000.0      4000.00   2.8703954e+38       3919.8698
      10000.0      5000.00   2.6780832e+38    0.0022231278
      10000.0      5500.00   2.6033563e+38   1.6747636e-06
      10000.0      6000.00   2.5176400e+38   1.2472813e-09
      10000.0      7000.00   2.3451086e+38   6.7331210e-16
      10000.0      8000.00   2.1582911e+38   3.4418370e-22
      10000.0      10000.0   1.8857574e+38   7.6221524e-35
      12000.0      0.00000   4.6759312e+38   6.6671855e+27
      12000.0      50.0000   4.5583460e+38   5.7265046e+27
      12000.0      100.000   4.1935025e+38   3.7077771e+27
      12000.0      150.000   3.7879987e+38   2.0088371e+27
      12000.0      200.000   3.4561230e+38   9.9738542e+26
      12000.0      300.000   3.0484214e+38   2.2769751e+26
      12000.0      400.000   2.8484168e+38   5.1759426e+25
      12000.0      600.000   2.6462144e+38   2.7550081e+24
      12000.0      800.000   2.5286292e+38   1.5022322e+23
      12000.0      1000.00   2.4539023e+38   8.3254648e+21
      12000.0      1500.00   2.3088440e+38   6.1155245e+18
      12000.0      2000.00   2.1780718e+38   4.5033997e+15
      12000.0      2500.00   2.0527942e+38   3.3011744e+12
      12000.0      3000.00   1.9989468e+38   2.4912658e+09
      12000.0      3500.00   1.9725726e+38       1895647.7
      12000.0      4000.00   1.9516930e+38       1438.4944
      12000.0      5000.00   1.8912520e+38   0.00080254586
      12000.0      5500.00   1.8681746e+38   5.9396963e-07
      12000.0      6000.00   1.8242175e+38   4.2989995e-10
      12000.0      7000.00   1.7692713e+38   2.2066439e-16
      12000.0      8000.00   1.6802582e+38   1.0438700e-22
      12000.0      10000.0   1.5066279e+38   1.8198218e-35
      15000.0      0.00000   1.0326610e+38   2.9462213e+26
      15000.0      50.0000   1.0122210e+38   2.5495089e+26
      15000.0      100.000   9.7057162e+37   1.7308088e+26
      15000.0      150.000   9.2144966e+37   9.9167104e+25
      15000.0      200.000   8.7683325e+37   5.1671512e+25
      15000.0      300.000   8.1386476e+37   1.2549738e+25
      15000.0      400.000   7.7957829e+37   2.9528148e+24
      15000.0      600.000   7.4111582e+37   1.6341033e+23
      15000.0      800.000   7.1825817e+37   9.1705395e+21
      15000.0      1000.00   7.3144529e+37   5.4155085e+20
      15000.0      1500.00   7.8694111e+37   4.7693399e+17
      15000.0      2000.00   8.6287687e+37   4.3968038e+14
      15000.0      2500.00   8.8661371e+37   3.9616291e+11
      15000.0      3000.00   9.2155951e+37   3.8198676e+08
      15000.0      3500.00   9.3123011e+37       381986.76
      15000.0      4000.00   9.4276879e+37       407.04228
      15000.0      5000.00   1.0030999e+38   0.00054715538
      15000.0      5500.00   1.0391446e+38   6.5814692e-07
      15000.0      6000.00   1.0628815e+38   7.8441355e-10
      15000.0      7000.00   1.0822225e+38   1.0599144e-15
      15000.0      8000.00   1.0779367e+38   1.3143158e-21
      15000.0      10000.0   1.0039790e+38   1.4417912e-33
      18000.0      0.00000   1.3956363e+37   1.5725634e+24
      18000.0      50.0000   1.4143180e+37   1.4077245e+24
      18000.0      100.000   1.4472858e+37   1.0206827e+24
      18000.0      150.000   1.5165182e+37   6.4649830e+23
      18000.0      200.000   1.6143226e+37   3.7792073e+23
      18000.0      300.000   1.8055358e+37   1.1165091e+23
      18000.0      400.000   1.8527896e+37   2.8473179e+22
      18000.0      600.000   1.7736670e+37   1.6604775e+21
      18000.0      800.000   1.5934431e+37   9.4353805e+19
      18000.0      1000.00   1.6648733e+37   6.6968565e+18
      18000.0      1500.00   2.1934568e+37   1.6637743e+16
      18000.0      2000.00   2.8649007e+37   6.8968611e+13
      18000.0      2500.00   3.3187572e+37   3.0264429e+11
      18000.0      3000.00   3.6836007e+37   1.3044254e+09
      18000.0      3500.00   4.2638338e+37       5804528.4
      18000.0      4000.00   4.7528560e+37       24440.119
      18000.0      5000.00   5.1473705e+37      0.35627188
      18000.0      5500.00   5.3704525e+37    0.0013220083
      18000.0      6000.00   5.5990292e+37   4.7946152e-06
      18000.0      7000.00   6.0561825e+37   5.8594747e-11
      18000.0      8000.00   6.4924562e+37   6.4298174e-16
      18000.0      10000.0   6.5375122e+37   4.8902218e-26
      24000.0      0.00000   4.7484603e+36   1.7571830e+18
      24000.0      50.0000   5.0616543e+36   1.6538840e+18
      24000.0      100.000   5.3374847e+36   1.2340942e+18
      24000.0      150.000   5.8078251e+36   8.1122735e+17
      24000.0      200.000   6.6287231e+36   5.0814349e+17
      24000.0      300.000   8.4925020e+36   1.7231163e+17
      24000.0      400.000   8.9826231e+36   4.6012041e+16
      24000.0      600.000   8.6958036e+36   3.0330364e+15
      24000.0      800.000   8.5881087e+36   2.6769843e+14
      24000.0      1000.00   8.8562467e+36   3.6209619e+13
      24000.0      1500.00   8.9881179e+36   5.4067170e+11
      24000.0      2000.00   6.7177361e+36   7.1880765e+09
      24000.0      2500.00   7.3672011e+36   1.3769546e+08
      24000.0      3000.00   2.9813868e+36       947274.42
      24000.0      3500.00   4.5176858e+36       23714.828
      24000.0      4000.00   8.8848186e+36       749.02812
      24000.0      5000.00   1.7703702e+37      0.35286521
      24000.0      5500.00   2.1143340e+37    0.0061990429
      24000.0      6000.00   2.3703839e+37   9.9211060e-05
      24000.0      7000.00   2.4473087e+37   1.9055381e-08
      24000.0      8000.00   2.5879713e+37   3.3044712e-12
      24000.0      10000.0   2.9044620e+37   6.7221318e-20
