face-on central tau B
      3.78000
sfr
     0.950000
old
     0.350000
bd
      2.00000
      tau1
      3.17000
   hd [pc]
      5200.00
   zd [pc]
      140.000
 hdin [pc]
      4500.00
 zdin [pc]
      140.000
   hdsolar [pc]
      8000.00
   zdsolar [pc]
      140.000
      tau2
     0.610000
  hd1 [pc]
      3200.00
  zd1 [pc]
      50.0000
hd1in [pc]
      4500.00
zd1in [pc]
      67.0000
  hd1solar [pc]
      8000.00
  zd1solar [pc]
      90.0000
   hs [pc]
      3200.00
   zs [pc]
      140.000
 hsin [pc]
      4500.00
 zsin [pc]
      170.000
   hssolar [pc]
      8000.00
   zssolar [pc]
      300.000
 rtruncate [pc]
      14000.0
  hs1 [pc]
      3200.00
  zs1 [pc]
      50.0000
hs1in [pc]
      4500.00
zs1in [pc]
      67.0000
  hs1solar [pc]
      8000.00
  zs1solar [pc]
      90.0000
rtruncate1 [pc]
      14000.0
   ifinns2
           3
   ifinns1
           3
   ifinnd1
           3
   ifinnd2
           3
    idisk1
           3
    idisk2
           3
nposition in r
          23
nposition in z
          22
          
    r(pc)      z(pc)   urad(erg/pc3/A)        eabs(erg/s/pc3/A)
      0.00000      0.00000   1.6752417e+39   6.3517700e+28
      0.00000      50.0000   1.3405947e+39   3.9254541e+28
      0.00000      100.000   9.4674489e+38   1.7655513e+28
      0.00000      150.000   7.2398137e+38   7.9171352e+27
      0.00000      200.000   6.0958930e+38   3.6229172e+27
      0.00000      300.000   5.2329353e+38   8.0927370e+26
      0.00000      400.000   4.9399311e+38   1.8689054e+26
      0.00000      600.000   4.7532914e+38   1.0390613e+25
      0.00000      800.000   4.6945902e+38   5.8952052e+23
      0.00000      1000.00   4.6223426e+38   3.3349301e+22
      0.00000      1500.00   4.4949058e+38   2.5637871e+19
      0.00000      2000.00   4.4492493e+38   2.0058750e+16
      0.00000      2500.00   4.3749948e+38   1.5593445e+13
      0.00000      3000.00   4.2470564e+38   1.1966013e+10
      0.00000      3500.00   4.0950353e+38       9121262.1
      0.00000      4000.00   3.8767873e+38       6823.3864
      0.00000      5000.00   3.4382843e+38    0.0037824640
      0.00000      5500.00   3.2195346e+38   2.7995953e-06
      0.00000      6000.00   3.0359053e+38   2.0871535e-09
      0.00000      7000.00   2.6636293e+38   1.1439207e-15
      0.00000      8000.00   2.3104187e+38   6.1962369e-22
      0.00000      10000.0   1.7585271e+38   1.8026785e-34
      50.0000      0.00000   1.6797572e+39   6.4420796e+28
      50.0000      50.0000   1.3431033e+39   3.9766295e+28
      50.0000      100.000   9.4774833e+38   1.7866234e+28
      50.0000      150.000   7.2297793e+38   7.9974103e+27
      50.0000      200.000   6.0958930e+38   3.6640582e+27
      50.0000      300.000   5.2329353e+38   8.1780293e+26
      50.0000      400.000   4.9374225e+38   1.8889743e+26
      50.0000      600.000   4.7568034e+38   1.0516043e+25
      50.0000      800.000   4.6986039e+38   5.9704631e+23
      50.0000      1000.00   4.6208374e+38   3.3710539e+22
      50.0000      1500.00   4.4939023e+38   2.5918834e+19
      50.0000      2000.00   4.4482459e+38   2.0279506e+16
      50.0000      2500.00   4.3714828e+38   1.5753995e+13
      50.0000      3000.00   4.2495649e+38   1.2106494e+10
      50.0000      3500.00   4.0945336e+38       9221606.1
      50.0000      4000.00   3.8813028e+38       6908.6788
      50.0000      5000.00   3.4382843e+38    0.0038246085
      50.0000      5500.00   3.2190329e+38   2.8302003e-06
      50.0000      6000.00   3.0338984e+38   2.1087275e-09
      50.0000      7000.00   2.6631275e+38   1.1564636e-15
      50.0000      8000.00   2.3109204e+38   6.2664777e-22
      50.0000      10000.0   1.7610358e+38   1.8252559e-34
      100.000      0.00000   1.6877847e+39   6.5424234e+28
      100.000      50.0000   1.3486223e+39   4.0363341e+28
      100.000      100.000   9.4975519e+38   1.8102043e+28
      100.000      150.000   7.2297793e+38   8.0827026e+27
      100.000      200.000   6.0958930e+38   3.7031923e+27
      100.000      300.000   5.2078493e+38   8.2332185e+26
      100.000      400.000   4.9349139e+38   1.9085413e+26
      100.000      600.000   4.7547966e+38   1.0626421e+25
      100.000      800.000   4.6976005e+38   6.0306695e+23
      100.000      1000.00   4.6263564e+38   3.4121950e+22
      100.000      1500.00   4.4939023e+38   2.6199797e+19
      100.000      2000.00   4.4557717e+38   2.0535383e+16
      100.000      2500.00   4.3724863e+38   1.5929597e+13
      100.000      3000.00   4.2450495e+38   1.2226906e+10
      100.000      3500.00   4.0930284e+38       9316933.0
      100.000      4000.00   3.8752822e+38       6973.9023
      100.000      5000.00   3.4377827e+38    0.0038662512
      100.000      5500.00   3.2135140e+38   2.8567914e-06
      100.000      6000.00   3.0268743e+38   2.1267894e-09
      100.000      7000.00   2.6631275e+38   1.1690066e-15
      100.000      8000.00   2.3119239e+38   6.3367184e-22
      100.000      10000.0   1.7650495e+38   1.8493384e-34
      150.000      0.00000   1.6963139e+39   6.6427674e+28
      150.000      50.0000   1.3551446e+39   4.1000525e+28
      150.000      100.000   9.5226382e+38   1.8352903e+28
      150.000      150.000   7.2297793e+38   8.1730121e+27
      150.000      200.000   6.0808414e+38   3.7353023e+27
      150.000      300.000   5.2078493e+38   8.3185108e+26
      150.000      400.000   4.9263847e+38   1.9261015e+26
      150.000      600.000   4.7532914e+38   1.0741817e+25
      150.000      800.000   4.6900747e+38   6.0908758e+23
      150.000      1000.00   4.6248512e+38   3.4483188e+22
      150.000      1500.00   4.4944041e+38   2.6485777e+19
      150.000      2000.00   4.4542665e+38   2.0751122e+16
      150.000      2500.00   4.3694759e+38   1.6090147e+13
      150.000      3000.00   4.2465546e+38   1.2362371e+10
      150.000      3500.00   4.0945336e+38       9422294.0
      150.000      4000.00   3.8732752e+38       7044.1430
      150.000      5000.00   3.4282500e+38    0.0038968560
      150.000      5500.00   3.2130122e+38   2.8873962e-06
      150.000      6000.00   3.0228605e+38   2.1473599e-09
      150.000      7000.00   2.6576087e+38   1.1795428e-15
      150.000      8000.00   2.3134291e+38   6.4069592e-22
      150.000      10000.0   1.7690633e+38   1.8739227e-34
      200.000      0.00000   1.7048431e+39   6.7481285e+28
      200.000      50.0000   1.3616670e+39   4.1652760e+28
      200.000      100.000   9.5477236e+38   1.8603762e+28
      200.000      150.000   7.2398137e+38   8.2733560e+27
      200.000      200.000   6.0708070e+38   3.7689176e+27
      200.000      300.000   5.1978150e+38   8.3937687e+26
      200.000      400.000   4.9243778e+38   1.9461703e+26
      200.000      600.000   4.7517863e+38   1.0852195e+25
      200.000      800.000   4.6890713e+38   6.1510821e+23
      200.000      1000.00   4.6223426e+38   3.4834391e+22
      200.000      1500.00   4.4918955e+38   2.6761723e+19
      200.000      2000.00   4.4527614e+38   2.0966862e+16
      200.000      2500.00   4.3654621e+38   1.6250698e+13
      200.000      3000.00   4.2455512e+38   1.2492817e+10
      200.000      3500.00   4.0970422e+38       9527654.9
      200.000      4000.00   3.8662512e+38       7109.3666
      200.000      5000.00   3.4096863e+38    0.0039179283
      200.000      5500.00   3.2115071e+38   2.9164960e-06
      200.000      6000.00   3.0198502e+38   2.1684321e-09
      200.000      7000.00   2.6515880e+38   1.1895771e-15
      200.000      8000.00   2.3144325e+38   6.4822171e-22
      200.000      10000.0   1.7715719e+38   1.8965001e-34
      300.000      0.00000   1.7244102e+39   6.9638679e+28
      300.000      50.0000   1.3762168e+39   4.3002386e+28
      300.000      100.000   9.6079305e+38   1.9125551e+28
      300.000      150.000   7.2548653e+38   8.4690267e+27
      300.000      200.000   6.0557554e+38   3.8381548e+27
      300.000      300.000   5.1827634e+38   8.5543190e+26
      300.000      400.000   4.9093262e+38   1.9812907e+26
      300.000      600.000   4.7317175e+38   1.1037831e+25
      300.000      800.000   4.6700059e+38   6.2564433e+23
      300.000      1000.00   4.6218409e+38   3.5571919e+22
      300.000      1500.00   4.4944041e+38   2.7343718e+19
      300.000      2000.00   4.4517580e+38   2.1408375e+16
      300.000      2500.00   4.3694759e+38   1.6611935e+13
      300.000      3000.00   4.2465546e+38   1.2763746e+10
      300.000      3500.00   4.0699493e+38       9668136.5
      300.000      4000.00   3.8627391e+38       7254.8653
      300.000      5000.00   3.4016588e+38    0.0039911793
      300.000      5500.00   3.2305724e+38   2.9967711e-06
      300.000      6000.00   3.0113210e+38   2.2080679e-09
      300.000      7000.00   2.6460691e+38   1.2121545e-15
      300.000      8000.00   2.3179445e+38   6.6277158e-22
      300.000      10000.0   1.7861218e+38   1.9531944e-34
      400.000      0.00000   1.7424721e+39   7.1796074e+28
      400.000      50.0000   1.3907667e+39   4.4367064e+28
      400.000      100.000   9.6831885e+38   1.9672425e+28
      400.000      150.000   7.2598825e+38   8.6496457e+27
      400.000      200.000   6.0607727e+38   3.9214403e+27
      400.000      300.000   5.1476430e+38   8.6697146e+26
      400.000      400.000   4.8837385e+38   2.0123973e+26
      400.000      600.000   4.7246934e+38   1.1248554e+25
      400.000      800.000   4.6695043e+38   6.3868904e+23
      400.000      1000.00   4.6283632e+38   3.6364636e+22
      400.000      1500.00   4.5029333e+38   2.7965850e+19
      400.000      2000.00   4.4497511e+38   2.1844871e+16
      400.000      2500.00   4.3785069e+38   1.6993243e+13
      400.000      3000.00   4.2315030e+38   1.2979486e+10
      400.000      3500.00   4.0619218e+38       9848755.4
      400.000      4000.00   3.8587254e+38       7395.3467
      400.000      5000.00   3.4061743e+38    0.0040799837
      400.000      5500.00   3.2165243e+38   3.0454379e-06
      400.000      6000.00   3.0088124e+38   2.2522193e-09
      400.000      7000.00   2.6445640e+38   1.2367388e-15
      400.000      8000.00   2.3239652e+38   6.7832489e-22
      400.000      10000.0   1.7951527e+38   2.0033663e-34
      600.000      0.00000   1.7765891e+39   7.6060690e+28
      600.000      50.0000   1.4188630e+39   4.7136555e+28
      600.000      100.000   9.7785151e+38   2.0700951e+28
      600.000      150.000   7.2548653e+38   9.0008495e+27
      600.000      200.000   6.0356867e+38   4.0654338e+27
      600.000      300.000   5.0874367e+38   8.9205744e+26
      600.000      400.000   4.8255390e+38   2.0690916e+26
      600.000      600.000   4.6760265e+38   1.1589723e+25
      600.000      800.000   4.6419096e+38   6.6076470e+23
      600.000      1000.00   4.6138134e+38   3.7729313e+22
      600.000      1500.00   4.4954075e+38   2.9059599e+19
      600.000      2000.00   4.4432287e+38   2.2702812e+16
      600.000      2500.00   4.3594415e+38   1.7610358e+13
      600.000      3000.00   4.2340116e+38   1.3521343e+10
      600.000      3500.00   4.0503822e+38       10225045.
      600.000      4000.00   3.8496944e+38       7681.3270
      600.000      5000.00   3.4041674e+38    0.0042440461
      600.000      5500.00   3.2089985e+38   3.1623386e-06
      600.000      6000.00   3.0027918e+38   2.3390167e-09
      600.000      7000.00   2.6636293e+38   1.2964434e-15
      600.000      8000.00   2.3395184e+38   7.1093666e-22
      600.000      10000.0   1.8001699e+38   2.0906656e-34
      800.000      0.00000   1.8102043e+39   8.0375478e+28
      800.000      50.0000   1.4459559e+39   4.9946185e+28
      800.000      100.000   9.8838760e+38   2.1764595e+28
      800.000      150.000   7.2699169e+38   9.3771390e+27
      800.000      200.000   6.0106007e+38   4.2069188e+27
      800.000      300.000   5.0573335e+38   9.2115717e+26
      800.000      400.000   4.8175115e+38   2.1468581e+26
      800.000      600.000   4.6690025e+38   1.2021201e+25
      800.000      800.000   4.6298684e+38   6.8484724e+23
      800.000      1000.00   4.5937445e+38   3.9038801e+22
      800.000      1500.00   4.4974144e+38   3.0208537e+19
      800.000      2000.00   4.4497511e+38   2.3625976e+16
      800.000      2500.00   4.3569329e+38   1.8287679e+13
      800.000      3000.00   4.2254824e+38   1.4023063e+10
      800.000      3500.00   4.0453651e+38       10611369.
      800.000      4000.00   3.8517013e+38       7987.3759
      800.000      5000.00   3.3981468e+38    0.0044030911
      800.000      5500.00   3.2110054e+38   3.2882702e-06
      800.000      6000.00   3.0073072e+38   2.4348451e-09
      800.000      7000.00   2.6801861e+38   1.3556463e-15
      800.000      8000.00   2.3625976e+38   7.4605703e-22
      800.000      10000.0   1.8061905e+38   2.1789682e-34
      1000.00      0.00000   1.8408092e+39   8.4640094e+28
      1000.00      50.0000   1.4725470e+39   5.2831073e+28
      1000.00      100.000   1.0014323e+39   2.2908517e+28
      1000.00      150.000   7.2749341e+38   9.7433945e+27
      1000.00      200.000   5.9704631e+38   4.3398744e+27
      1000.00      300.000   5.0472991e+38   9.5427069e+26
      1000.00      400.000   4.8079788e+38   2.2236212e+26
      1000.00      600.000   4.6750231e+38   1.2492817e+25
      1000.00      800.000   4.6474285e+38   7.1344526e+23
      1000.00      1000.00   4.6143151e+38   4.0689459e+22
      1000.00      1500.00   4.5129678e+38   3.1457818e+19
      1000.00      2000.00   4.4447338e+38   2.4493951e+16
      1000.00      2500.00   4.3609466e+38   1.8995104e+13
      1000.00      3000.00   4.2259841e+38   1.4549869e+10
      1000.00      3500.00   4.0478737e+38       11017762.
      1000.00      4000.00   3.8532064e+38       8288.4076
      1000.00      5000.00   3.4021605e+38    0.0045746792
      1000.00      5500.00   3.2100019e+38   3.4116932e-06
      1000.00      6000.00   3.0133279e+38   2.5316770e-09
      1000.00      7000.00   2.6726603e+38   1.4028080e-15
      1000.00      8000.00   2.3646044e+38   7.7465505e-22
      1000.00      10000.0   1.7936476e+38   2.2441917e-34
      1500.00      0.00000   1.9095447e+39   9.5126039e+28
      1500.00      50.0000   1.5327533e+39   6.0055835e+28
      1500.00      100.000   1.0265183e+39   2.5683026e+28
      1500.00      150.000   7.3050373e+38   1.0686627e+28
      1500.00      200.000   5.9052396e+38   4.6845559e+27
      1500.00      300.000   5.0523162e+38   1.0420716e+27
      1500.00      400.000   4.8626662e+38   2.4534088e+26
      1500.00      600.000   4.8134977e+38   1.4033097e+25
      1500.00      800.000   4.7778756e+38   8.0024275e+23
      1500.00      1000.00   4.7256968e+38   4.5460812e+22
      1500.00      1500.00   4.5847136e+38   3.4864494e+19
      1500.00      2000.00   4.4944041e+38   2.7017600e+16
      1500.00      2500.00   4.3850292e+38   2.0836415e+13
      1500.00      3000.00   4.2189600e+38   1.5849322e+10
      1500.00      3500.00   4.0368358e+38       11986081.
      1500.00      4000.00   3.8261136e+38       8980.7806
      1500.00      5000.00   3.3971434e+38    0.0049825772
      1500.00      5500.00   3.1718713e+38   3.6776046e-06
      1500.00      6000.00   2.9837264e+38   2.7348734e-09
      1500.00      7000.00   2.6285090e+38   1.5051588e-15
      1500.00      8000.00   2.3179445e+38   8.2833904e-22
      1500.00      10000.0   1.7886303e+38   2.4368521e-34
      2000.00      0.00000   1.9677442e+39   1.0541129e+29
      2000.00      50.0000   1.5859356e+39   6.7431113e+28
      2000.00      100.000   1.0480922e+39   2.8517741e+28
      2000.00      150.000   7.3000200e+38   1.1589723e+28
      2000.00      200.000   5.9202912e+38   5.0924538e+27
      2000.00      300.000   5.0166942e+38   1.1208415e+27
      2000.00      400.000   4.8235322e+38   2.6365364e+26
      2000.00      600.000   4.7773739e+38   1.5086708e+25
      2000.00      800.000   4.7768722e+38   8.6697146e+23
      2000.00      1000.00   4.7397450e+38   4.9399311e+22
      2000.00      1500.00   4.5922394e+38   3.7834674e+19
      2000.00      2000.00   4.4908920e+38   2.9245235e+16
      2000.00      2500.00   4.3494071e+38   2.2391745e+13
      2000.00      3000.00   4.1863482e+38   1.7033380e+10
      2000.00      3500.00   4.0032206e+38       12879141.
      2000.00      4000.00   3.7869795e+38       9627.9992
      2000.00      5000.00   3.3354318e+38    0.0052981589
      2000.00      5500.00   3.1232044e+38   3.9234472e-06
      2000.00      6000.00   2.9450940e+38   2.9240218e-09
      2000.00      7000.00   2.6069350e+38   1.6170422e-15
      2000.00      8000.00   2.2963706e+38   8.8854539e-22
      2000.00      10000.0   1.7695650e+38   2.6049281e-34
      3000.00      0.00000   2.0419987e+39   1.2422577e+29
      3000.00      50.0000   1.6732348e+39   8.2282012e+28
      3000.00      100.000   1.0847178e+39   3.4327654e+28
      3000.00      150.000   7.4154156e+38   1.3646773e+28
      3000.00      200.000   5.9554115e+38   5.9253084e+27
      3000.00      300.000   4.9409345e+38   1.2743678e+27
      3000.00      400.000   4.7377381e+38   2.9882419e+26
      3000.00      600.000   4.6976005e+38   1.7118673e+25
      3000.00      800.000   4.7036212e+38   9.8487554e+23
      3000.00      1000.00   4.6940885e+38   5.6443454e+22
      3000.00      1500.00   4.5952497e+38   4.3679708e+19
      3000.00      2000.00   4.4532631e+38   3.3459679e+16
      3000.00      2500.00   4.2927128e+38   2.5497389e+13
      3000.00      3000.00   4.1075783e+38   1.9286101e+10
      3000.00      3500.00   3.9033784e+38       14489662.
      3000.00      4000.00   3.6921544e+38       10832.126
      3000.00      5000.00   3.2406069e+38    0.0059403600
      3000.00      5500.00   3.0323932e+38   4.3945619e-06
      3000.00      6000.00   2.8477604e+38   3.2621808e-09
      3000.00      7000.00   2.5176289e+38   1.8011734e-15
      3000.00      8000.00   2.2276350e+38   9.9340477e-22
      3000.00      10000.0   1.7550152e+38   2.9546266e-34
      4000.00      0.00000   2.0816346e+39   1.4118389e+29
      4000.00      50.0000   1.7299291e+39   9.6480678e+28
      4000.00      100.000   1.1218450e+39   4.0599149e+28
      4000.00      150.000   7.6512238e+38   1.6060044e+28
      4000.00      200.000   6.0306695e+38   6.8183693e+27
      4000.00      300.000   4.8822333e+38   1.4283956e+27
      4000.00      400.000   4.6629819e+38   3.3334250e+26
      4000.00      600.000   4.6474285e+38   1.9195791e+25
      4000.00      800.000   4.6639853e+38   1.1067934e+24
      4000.00      1000.00   4.6469269e+38   6.3317012e+22
      4000.00      1500.00   4.5370502e+38   4.8877523e+19
      4000.00      2000.00   4.3694759e+38   3.7212542e+16
      4000.00      2500.00   4.1637708e+38   2.8031074e+13
      4000.00      3000.00   3.9660934e+38   2.1107343e+10
      4000.00      3500.00   3.7654055e+38       15839287.
      4000.00      4000.00   3.5476592e+38       11795.428
      4000.00      5000.00   3.1272182e+38    0.0064972687
      4000.00      5500.00   2.9270321e+38   4.8074771e-06
      4000.00      6000.00   2.7313615e+38   3.5451507e-09
      4000.00      7000.00   2.4223022e+38   1.9627270e-15
      4000.00      8000.00   2.1684321e+38   1.0932470e-21
      4000.00      10000.0   1.7309326e+38   3.2501395e-34
      4500.00      0.00000   2.0811328e+39   1.4825814e+29
      4500.00      50.0000   1.7444790e+39   1.0300303e+29
      4500.00      100.000   1.1338863e+39   4.3649605e+28
      4500.00      150.000   7.7565848e+38   1.7294275e+28
      4500.00      200.000   6.0557554e+38   7.2699169e+27
      4500.00      300.000   4.8576491e+38   1.5056605e+27
      4500.00      400.000   4.6388993e+38   3.5120371e+26
      4500.00      600.000   4.6313735e+38   2.0254420e+25
      4500.00      800.000   4.6373942e+38   1.1649929e+24
      4500.00      1000.00   4.6067893e+38   6.6477846e+22
      4500.00      1500.00   4.4788507e+38   5.1075054e+19
      4500.00      2000.00   4.2962249e+38   3.8742786e+16
      4500.00      2500.00   4.0875095e+38   2.9134857e+13
      4500.00      3000.00   3.8818044e+38   2.1869957e+10
      4500.00      3500.00   3.6585393e+38       16295853.
      4500.00      4000.00   3.4648755e+38       12201.821
      4500.00      5000.00   3.0484482e+38    0.0067079909
      4500.00      5500.00   2.8587982e+38   4.9705360e-06
      4500.00      6000.00   2.6756706e+38   3.6766012e-09
      4500.00      7000.00   2.3726319e+38   2.0344729e-15
      4500.00      8000.00   2.1092291e+38   1.1238518e-21
      4500.00      10000.0   1.6923002e+38   3.3233905e-34
      5000.00      0.00000   1.8744244e+39   1.1910823e+29
      5000.00      50.0000   1.6014889e+39   8.5191986e+28
      5000.00      100.000   1.0947522e+39   3.8301274e+28
      5000.00      150.000   7.5709487e+38   1.5367671e+28
      5000.00      200.000   6.0005663e+38   6.5524579e+27
      5000.00      300.000   4.8501233e+38   1.3666842e+27
      5000.00      400.000   4.6213392e+38   3.1788953e+26
      5000.00      600.000   4.5862188e+38   1.8217438e+25
      5000.00      800.000   4.5756827e+38   1.0440785e+24
      5000.00      1000.00   4.5335382e+38   5.9403600e+22
      5000.00      1500.00   4.3875379e+38   4.5460812e+19
      5000.00      2000.00   4.1863482e+38   3.4287517e+16
      5000.00      2500.00   3.9716123e+38   2.5713129e+13
      5000.00      3000.00   3.7699210e+38   1.9291118e+10
      5000.00      3500.00   3.5511713e+38       14369249.
      5000.00      4000.00   3.3534937e+38       10721.748
      5000.00      5000.00   2.9716852e+38    0.0059353428
      5000.00      5500.00   2.7805300e+38   4.3900464e-06
      5000.00      6000.00   2.6084401e+38   3.2541533e-09
      5000.00      7000.00   2.3008860e+38   1.7896337e-15
      5000.00      8000.00   2.0565486e+38   9.9189967e-22
      5000.00      10000.0   1.6657090e+38   2.9255270e-34
      6000.00      0.00000   1.4996399e+39   7.6060690e+28
      6000.00      50.0000   1.3150070e+39   5.6744486e+28
      6000.00      100.000   9.7935661e+38   2.8266882e+28
      6000.00      150.000   7.1595385e+38   1.2041271e+28
      6000.00      200.000   5.6644141e+38   5.1225570e+27
      6000.00      300.000   4.6659922e+38   1.0867246e+27
      6000.00      400.000   4.4437304e+38   2.5236496e+26
      6000.00      600.000   4.4086100e+38   1.4449524e+25
      6000.00      800.000   4.3579363e+38   8.2031153e+23
      6000.00      1000.00   4.2902042e+38   4.6394011e+22
      6000.00      1500.00   4.1477158e+38   3.5456523e+19
      6000.00      2000.00   3.9309730e+38   2.6561035e+16
      6000.00      2500.00   3.7036941e+38   1.9782803e+13
      6000.00      3000.00   3.5090268e+38   1.4815780e+10
      6000.00      3500.00   3.2937891e+38       10992676.
      6000.00      4000.00   3.1001254e+38       8178.0293
      6000.00      5000.00   2.7699939e+38    0.0045631397
      6000.00      5500.00   2.6039247e+38   3.3886142e-06
      6000.00      6000.00   2.4388590e+38   2.5060894e-09
      6000.00      7000.00   2.1558891e+38   1.3772203e-15
      6000.00      8000.00   1.9386445e+38   7.6261378e-22
      6000.00      10000.0   1.6024924e+38   2.2176006e-34
      8000.00      0.00000   9.2968640e+38   3.0469430e+28
      8000.00      50.0000   8.5242158e+38   2.4268177e+28
      8000.00      100.000   7.0591946e+38   1.3797289e+28
      8000.00      150.000   5.7647581e+38   6.6327330e+27
      8000.00      200.000   4.9048107e+38   3.0399190e+27
      8000.00      300.000   4.1672829e+38   6.6377502e+26
      8000.00      400.000   3.9615779e+38   1.5347602e+26
      8000.00      600.000   3.8642443e+38   8.6195425e+24
      8000.00      800.000   3.7794537e+38   4.8390854e+23
      8000.00      1000.00   3.6931579e+38   2.7148047e+22
      8000.00      1500.00   3.4202224e+38   1.9873113e+19
      8000.00      2000.00   3.1507990e+38   1.4469593e+16
      8000.00      2500.00   2.9491078e+38   1.0701679e+13
      8000.00      3000.00   2.7940764e+38   8.0074446e+09
      8000.00      3500.00   2.6310175e+38       5955411.5
      8000.00      4000.00   2.4925430e+38       4452.2596
      8000.00      5000.00   2.2682743e+38    0.0025186323
      8000.00      5500.00   2.1604045e+38   1.8874691e-06
      8000.00      6000.00   2.0445074e+38   1.4028080e-09
      8000.00      7000.00   1.8383006e+38   7.6963785e-16
      8000.00      8000.00   1.6637022e+38   4.1557434e-22
      8000.00      10000.0   1.4133440e+38   1.0977625e-34
      10000.0      0.00000   5.5189155e+38   1.1649929e+28
      10000.0      50.0000   5.3683997e+38   9.9390653e+27
      10000.0      100.000   4.6383977e+38   5.9905319e+27
      10000.0      150.000   4.0132550e+38   3.0840703e+27
      10000.0      200.000   3.5707384e+38   1.4850899e+27
      10000.0      300.000   3.1277199e+38   3.3494800e+26
      10000.0      400.000   2.9636576e+38   7.7064129e+25
      10000.0      600.000   2.8011005e+38   4.1783208e+24
      10000.0      800.000   2.6841998e+38   2.2933602e+23
      10000.0      1000.00   2.6109487e+38   1.2788832e+22
      10000.0      1500.00   2.4162816e+38   9.3319840e+18
      10000.0      2000.00   2.2256281e+38   6.7782316e+15
      10000.0      2500.00   2.0731054e+38   4.9705360e+12
      10000.0      3000.00   1.9893182e+38   3.7508557e+09
      10000.0      3500.00   1.9110499e+38       2828193.3
      10000.0      4000.00   1.8377988e+38       2130.8031
      10000.0      5000.00   1.7098604e+38    0.0012051305
      10000.0      5500.00   1.6556746e+38   9.0409870e-07
      10000.0      6000.00   1.5984786e+38   6.7230425e-10
      10000.0      7000.00   1.4941209e+38   3.6419825e-16
      10000.0      8000.00   1.3706979e+38   1.8558608e-22
      10000.0      10000.0   1.1950961e+38   4.1015576e-35
      12000.0      0.00000   2.9521181e+38   3.5737487e+27
      12000.0      50.0000   2.8873962e+38   3.0790531e+27
      12000.0      100.000   2.6616224e+38   1.9983492e+27
      12000.0      150.000   2.4057455e+38   1.0832126e+27
      12000.0      200.000   2.1945215e+38   5.3784340e+26
      12000.0      300.000   1.9346307e+38   1.2267044e+26
      12000.0      400.000   1.8061905e+38   2.7865506e+25
      12000.0      600.000   1.6832693e+38   1.4875986e+24
      12000.0      800.000   1.6120250e+38   8.1278574e+22
      12000.0      1000.00   1.5673720e+38   4.5149746e+21
      12000.0      1500.00   1.4484645e+38   3.2576653e+18
      12000.0      2000.00   1.3862513e+38   2.4333400e+15
      12000.0      2500.00   1.3205260e+38   1.8031802e+12
      12000.0      3000.00   1.2869107e+38   1.3621687e+09
      12000.0      3500.00   1.2593162e+38       1028023.4
      12000.0      4000.00   1.2397491e+38       776.16021
      12000.0      5000.00   1.2196803e+38   0.00043950636
      12000.0      5500.00   1.1996116e+38   3.2386000e-07
      12000.0      6000.00   1.1800445e+38   2.3605907e-10
      12000.0      7000.00   1.1258588e+38   1.1925874e-16
      12000.0      8000.00   1.0741817e+38   5.6644141e-23
      12000.0      10000.0   9.5928785e+37   9.8337044e-36
      15000.0      0.00000   6.2915636e+37   1.5237224e+26
      15000.0      50.0000   6.1661337e+37   1.3185191e+26
      15000.0      100.000   5.9152739e+37   8.9506775e+25
      15000.0      150.000   5.6192594e+37   5.1325915e+25
      15000.0      200.000   5.3583652e+37   2.6811895e+25
      15000.0      300.000   4.9996358e+37   6.5474407e+24
      15000.0      400.000   4.7838963e+37   1.5382723e+24
      15000.0      600.000   4.5887274e+37   8.5894393e+22
      15000.0      800.000   4.4542665e+37   4.8280476e+21
      15000.0      1000.00   4.5616345e+37   2.8668257e+20
      15000.0      1500.00   4.9479586e+37   2.5462269e+17
      15000.0      2000.00   5.4737607e+37   2.3686182e+14
      15000.0      2500.00   5.6192594e+37   2.1318065e+11
      15000.0      3000.00   5.7346549e+37   2.0179162e+08
      15000.0      3500.00   5.9403600e+37       206858.99
      15000.0      4000.00   6.0457211e+37       221.65971
      15000.0      5000.00   6.4822171e+37   0.00030012866
      15000.0      5500.00   6.6829049e+37   3.5928140e-07
      15000.0      6000.00   6.7130081e+37   4.2049119e-10
      15000.0      7000.00   6.7932832e+37   5.6493625e-16
      15000.0      8000.00   6.8133520e+37   7.0591946e-22
      15000.0      10000.0   6.4169935e+37   7.8218084e-34
      18000.0      0.00000   8.5242158e+36   8.1529434e+23
      18000.0      50.0000   8.6496457e+36   7.3050373e+23
      18000.0      100.000   8.8653852e+36   5.3081933e+23
      18000.0      150.000   9.3068987e+36   3.3695487e+23
      18000.0      200.000   9.9490997e+36   1.9782803e+23
      18000.0      300.000   1.1263605e+37   5.9102568e+22
      18000.0      400.000   1.1730204e+37   1.5312482e+22
      18000.0      600.000   1.1113089e+37   8.8302648e+20
      18000.0      800.000   9.8939104e+36   4.9740480e+19
      18000.0      1000.00   1.0355492e+37   3.5361197e+18
      18000.0      1500.00   1.3822374e+37   8.8954883e+15
      18000.0      2000.00   1.7976613e+37   3.6745943e+13
      18000.0      2500.00   2.0851466e+37   1.6145337e+11
      18000.0      3000.00   2.3510580e+37   7.0692291e+08
      18000.0      3500.00   2.7298563e+37       3155816.2
      18000.0      4000.00   2.9124822e+37       12718.591
      18000.0      5000.00   3.2651911e+37      0.19185757
      18000.0      5500.00   3.4116932e+37   0.00071294354
      18000.0      6000.00   3.5667245e+37   2.5933885e-06
      18000.0      7000.00   3.9124094e+37   3.2135140e-11
      18000.0      8000.00   4.1863482e+37   3.5205663e-16
      18000.0      10000.0   4.2024033e+37   2.6686465e-26
      24000.0      0.00000   2.9114788e+36   9.1463481e+17
      24000.0      50.0000   3.1081528e+36   8.6195425e+17
      24000.0      100.000   3.2862633e+36   6.4521139e+17
      24000.0      150.000   3.5827796e+36   4.2485615e+17
      24000.0      200.000   4.0965404e+36   2.6661379e+17
      24000.0      300.000   5.3031760e+36   9.1363137e+16
      24000.0      400.000   5.6142422e+36   2.4408658e+16
      24000.0      600.000   5.4436575e+36   1.6125268e+15
      24000.0      800.000   5.1225570e+36   1.3561481e+14
      24000.0      1000.00   5.7045517e+36   1.9802872e+13
      24000.0      1500.00   5.9955491e+36   3.0619946e+11
      24000.0      2000.00   4.2024033e+36   3.8180861e+09
      24000.0      2500.00   4.7984461e+36       76161034.
      24000.0      3000.00   1.7956544e+36       484410.27
      24000.0      3500.00   2.7418976e+36       12221.889
      24000.0      4000.00   5.4787780e+36       392.04368
      24000.0      5000.00   1.1313776e+37      0.19145620
      24000.0      5500.00   1.3732065e+37    0.0034182156
      24000.0      6000.00   1.4946227e+37   5.3132105e-05
      24000.0      7000.00   1.5879425e+37   1.0495974e-08
      24000.0      8000.00   1.6421282e+37   1.7801011e-12
      24000.0      10000.0   1.8317782e+37   3.5993363e-20
