face-on central tau B
      3.78000
sfr
     0.950000
old
     0.350000
bd
      2.00000
      tau1
      3.17000
   hd [pc]
      5200.00
   zd [pc]
      140.000
 hdin [pc]
      4500.00
 zdin [pc]
      140.000
   hdsolar [pc]
      8000.00
   zdsolar [pc]
      140.000
      tau2
     0.610000
  hd1 [pc]
      3200.00
  zd1 [pc]
      50.0000
hd1in [pc]
      4500.00
zd1in [pc]
      67.0000
  hd1solar [pc]
      8000.00
  zd1solar [pc]
      90.0000
   hs [pc]
      3090.00
   zs [pc]
      140.000
 hsin [pc]
      4500.00
 zsin [pc]
      170.000
   hssolar [pc]
      8000.00
   zssolar [pc]
      300.000
 rtruncate [pc]
      14000.0
  hs1 [pc]
      3200.00
  zs1 [pc]
      50.0000
hs1in [pc]
      4500.00
zs1in [pc]
      67.0000
  hs1solar [pc]
      8000.00
  zs1solar [pc]
      90.0000
rtruncate1 [pc]
      14000.0
   ifinns2
           3
   ifinns1
           3
   ifinnd1
           3
   ifinnd2
           3
    idisk1
           3
    idisk2
           3
nposition in r
          23
nposition in z
          22
          
    r(pc)      z(pc)   urad(erg/pc3/A)        eabs(erg/s/pc3/A)
      0.00000      0.00000   6.7506205e+41   5.0107833e+30
      0.00000      50.0000   3.8785565e+41   2.2223054e+30
      0.00000      100.000   1.8680930e+41   6.8179526e+29
      0.00000      150.000   1.1347722e+41   2.4302862e+29
      0.00000      200.000   7.6639200e+40   8.9144679e+28
      0.00000      300.000   4.1839186e+40   1.2666750e+28
      0.00000      400.000   2.6491739e+40   1.9625841e+27
      0.00000      600.000   1.3611123e+40   5.8260454e+25
      0.00000      800.000   8.3863867e+39   2.0619894e+24
      0.00000      1000.00   5.9995042e+39   8.4741053e+22
      0.00000      1500.00   3.6729639e+39   4.1005653e+19
      0.00000      2000.00   2.7995845e+39   2.4708837e+16
      0.00000      2500.00   2.3356096e+39   1.6295538e+13
      0.00000      3000.00   2.0196155e+39   1.1137234e+10
      0.00000      3500.00   1.7812768e+39       7766556.7
      0.00000      4000.00   1.5679433e+39       5401.4094
      0.00000      5000.00   1.2522469e+39    0.0026966817
      0.00000      5500.00   1.1305981e+39   1.9248040e-06
      0.00000      6000.00   1.0217440e+39   1.3747138e-09
      0.00000      7000.00   8.3062500e+38   6.9821272e-16
      0.00000      8000.00   6.7815420e+38   3.5586265e-22
      0.00000      10000.0   4.7381695e+38   9.5077258e-35
      50.0000      0.00000   4.9289341e+41   3.6993943e+30
      50.0000      50.0000   3.1290311e+41   1.8129766e+30
      50.0000      100.000   1.7931750e+41   6.6198834e+29
      50.0000      150.000   1.1416013e+41   2.4724285e+29
      50.0000      200.000   7.8367548e+40   9.2164394e+28
      50.0000      300.000   4.2883748e+40   1.3127565e+28
      50.0000      400.000   2.6816023e+40   2.0089331e+27
      50.0000      600.000   1.3645566e+40   5.9054091e+25
      50.0000      800.000   8.3693146e+39   2.0804807e+24
      50.0000      1000.00   5.9752504e+39   8.5315271e+22
      50.0000      1500.00   3.6416105e+39   4.1120228e+19
      50.0000      2000.00   2.7780817e+39   2.4791749e+16
      50.0000      2500.00   2.3261278e+39   1.6411027e+13
      50.0000      3000.00   2.0055449e+39   1.1184246e+10
      50.0000      3500.00   1.7742571e+39       7819598.5
      50.0000      4000.00   1.5659604e+39       5455.2008
      50.0000      5000.00   1.2476168e+39    0.0027160234
      50.0000      5500.00   1.1278499e+39   1.9409505e-06
      50.0000      6000.00   1.0198106e+39   1.3878182e-09
      50.0000      7000.00   8.2910537e+38   7.0471220e-16
      50.0000      8000.00   6.7693223e+38   3.5917354e-22
      50.0000      10000.0   4.7224859e+38   9.5813235e-35
      100.000      0.00000   2.4246783e+41   1.8392671e+30
      100.000      50.0000   1.9793572e+41   1.1594047e+30
      100.000      100.000   1.4104455e+41   5.2601547e+29
      100.000      150.000   1.0120907e+41   2.2162116e+29
      100.000      200.000   7.4302083e+40   8.8361060e+28
      100.000      300.000   4.3917118e+40   1.3588825e+28
      100.000      400.000   2.8475208e+40   2.1553983e+27
      100.000      600.000   1.4062211e+40   6.1520245e+25
      100.000      800.000   8.4828231e+39   2.1324760e+24
      100.000      1000.00   6.0008352e+39   8.6643920e+22
      100.000      1500.00   3.6280674e+39   4.1400056e+19
      100.000      2000.00   2.7587008e+39   2.4883277e+16
      100.000      2500.00   2.3094725e+39   1.6472875e+13
      100.000      3000.00   1.9923318e+39   1.1231334e+10
      100.000      3500.00   1.7630635e+39       7856776.0
      100.000      4000.00   1.5604132e+39       5496.8992
      100.000      5000.00   1.2428929e+39    0.0027362075
      100.000      5500.00   1.1243497e+39   1.9564100e-06
      100.000      6000.00   1.0163264e+39   1.3976420e-09
      100.000      7000.00   8.2755772e+38   7.1114189e-16
      100.000      8000.00   6.7795137e+38   3.6366458e-22
      100.000      10000.0   4.7187230e+38   9.6792546e-35
      150.000      0.00000   1.4531040e+41   1.1139988e+30
      150.000      50.0000   1.2892451e+41   7.6366000e+29
      150.000      100.000   1.0247984e+41   3.8657517e+29
      150.000      150.000   8.1607696e+40   1.8061223e+29
      150.000      200.000   6.3962177e+40   7.6890752e+28
      150.000      300.000   4.1644905e+40   1.3027777e+28
      150.000      400.000   2.8622802e+40   2.1908176e+27
      150.000      600.000   1.5183070e+40   6.7150432e+25
      150.000      800.000   8.8445888e+39   2.2470596e+24
      150.000      1000.00   6.1380696e+39   8.9573606e+22
      150.000      1500.00   3.6414552e+39   4.2005857e+19
      150.000      2000.00   2.7539909e+39   2.5112168e+16
      150.000      2500.00   2.2997345e+39   1.6575602e+13
      150.000      3000.00   1.9818045e+39   1.1292776e+10
      150.000      3500.00   1.7541272e+39       7900886.1
      150.000      4000.00   1.5560888e+39       5539.8676
      150.000      5000.00   1.2381288e+39    0.0027550138
      150.000      5500.00   1.1217814e+39   1.9729129e-06
      150.000      6000.00   1.0113516e+39   1.4061832e-09
      150.000      7000.00   8.2596897e+38   7.1741704e-16
      150.000      8000.00   6.7832543e+38   3.6783121e-22
      150.000      10000.0   4.7304736e+38   9.8086408e-35
      200.000      0.00000   9.6971636e+40   7.5122694e+29
      200.000      50.0000   8.9216202e+40   5.3418401e+29
      200.000      100.000   7.6204844e+40   2.9051458e+29
      200.000      150.000   6.3520915e+40   1.4215078e+29
      200.000      200.000   5.2806600e+40   6.4151383e+28
      200.000      300.000   3.8222541e+40   1.2084517e+28
      200.000      400.000   2.7702094e+40   2.1421262e+27
      200.000      600.000   1.5533368e+40   6.9443744e+25
      200.000      800.000   9.5600911e+39   2.4553822e+24
      200.000      1000.00   6.4293056e+39   9.4829860e+22
      200.000      1500.00   3.6800071e+39   4.2913716e+19
      200.000      2000.00   2.7605885e+39   2.5443586e+16
      200.000      2500.00   2.2945903e+39   1.6720891e+13
      200.000      3000.00   1.9764339e+39   1.1385361e+10
      200.000      3500.00   1.7472260e+39       7956567.9
      200.000      4000.00   1.5517723e+39       5585.5630
      200.000      5000.00   1.2332323e+39    0.0027739462
      200.000      5500.00   1.1184464e+39   1.9880010e-06
      200.000      6000.00   1.0073600e+39   1.4160705e-09
      200.000      7000.00   8.2492607e+38   7.2423288e-16
      200.000      8000.00   6.7789431e+38   3.7147842e-22
      200.000      10000.0   4.7332805e+38   9.9205154e-35
      300.000      0.00000   5.1928426e+40   4.1056373e+29
      300.000      50.0000   4.8274520e+40   2.9531420e+29
      300.000      100.000   4.5826962e+40   1.7845976e+29
      300.000      150.000   3.9692905e+40   9.0670961e+28
      300.000      200.000   3.6092771e+40   4.4790357e+28
      300.000      300.000   2.7887007e+40   9.0043874e+27
      300.000      400.000   2.3692412e+40   1.8721145e+27
      300.000      600.000   1.6135628e+40   7.3647674e+25
      300.000      800.000   9.6473441e+39   2.5311428e+24
      300.000      1000.00   7.2555306e+39   1.0931152e+23
      300.000      1500.00   3.9014542e+39   4.6464134e+19
      300.000      2000.00   2.8191442e+39   2.6538289e+16
      300.000      2500.00   2.2970544e+39   1.7091156e+13
      300.000      3000.00   1.9796814e+39   1.1646659e+10
      300.000      3500.00   1.7386426e+39       8082497.1
      300.000      4000.00   1.5488399e+39       5693.0033
      300.000      5000.00   1.2271913e+39    0.0028190943
      300.000      5500.00   1.1117508e+39   2.0185231e-06
      300.000      6000.00   1.0011997e+39   1.4365941e-09
      300.000      7000.00   8.2027980e+38   7.3547243e-16
      300.000      8000.00   6.8028728e+38   3.8073168e-22
      300.000      10000.0   4.7575779e+38   1.0182262e-34
      400.000      0.00000   3.2079292e+40   2.5867264e+29
      400.000      50.0000   3.0532465e+40   1.9061033e+29
      400.000      100.000   2.8381204e+40   1.1290949e+29
      400.000      150.000   2.8557812e+40   6.6602267e+28
      400.000      200.000   2.4589166e+40   3.1151994e+28
      400.000      300.000   2.2737201e+40   7.4936434e+27
      400.000      400.000   1.7534260e+40   1.4136995e+27
      400.000      600.000   1.3352146e+40   6.2226108e+25
      400.000      800.000   1.1389652e+40   3.0500783e+24
      400.000      1000.00   7.1050216e+39   1.0926293e+23
      400.000      1500.00   4.3270179e+39   5.2607574e+19
      400.000      2000.00   2.9372016e+39   2.8223167e+16
      400.000      2500.00   2.3314464e+39   1.7711458e+13
      400.000      3000.00   1.9914054e+39   1.1958570e+10
      400.000      3500.00   1.7330477e+39       8225695.2
      400.000      4000.00   1.5467128e+39       5804.3570
      400.000      5000.00   1.2302624e+39    0.0028847292
      400.000      5500.00   1.1063992e+39   2.0502430e-06
      400.000      6000.00   9.9416246e+38   1.4564113e-09
      400.000      7000.00   8.1662133e+38   7.4747250e-16
      400.000      8000.00   6.7879132e+38   3.8788207e-22
      400.000      10000.0   4.7943326e+38   1.0474552e-34
      600.000      0.00000   1.5893824e+40   1.3318841e+29
      600.000      50.0000   1.5821765e+40   1.0288527e+29
      600.000      100.000   1.4395030e+40   5.9653891e+28
      600.000      150.000   1.3816125e+40   3.3559443e+28
      600.000      200.000   1.5279585e+40   2.0147440e+28
      600.000      300.000   1.2462908e+40   4.2754972e+27
      600.000      400.000   1.1712468e+40   9.8306242e+26
      600.000      600.000   9.0101691e+39   4.3703159e+25
      600.000      800.000   1.0053533e+40   2.8022973e+24
      600.000      1000.00   6.4650836e+39   1.0347331e+23
      600.000      1500.00   4.3578695e+39   5.5142531e+19
      600.000      2000.00   3.3129773e+39   3.3135470e+16
      600.000      2500.00   2.5076688e+39   1.9828443e+13
      600.000      3000.00   2.0590392e+39   1.2868047e+10
      600.000      3500.00   1.7547755e+39       8668370.1
      600.000      4000.00   1.5434792e+39       6028.9470
      600.000      5000.00   1.2292585e+39    0.0029996461
      600.000      5500.00   1.0955493e+39   2.1135897e-06
      600.000      6000.00   9.8459104e+38   1.5014236e-09
      600.000      7000.00   8.1127075e+38   7.7290161e-16
      600.000      8000.00   6.7731172e+38   4.0274957e-22
      600.000      10000.0   4.8512024e+38   1.1026646e-34
      800.000      0.00000   9.9025523e+39   8.6052441e+28
      800.000      50.0000   1.0157677e+40   6.8671809e+28
      800.000      100.000   9.1395064e+39   3.9381633e+28
      800.000      150.000   8.6423808e+39   2.1822087e+28
      800.000      200.000   8.4238489e+39   1.1546024e+28
      800.000      300.000   1.0712701e+40   3.8204936e+27
      800.000      400.000   7.7428309e+39   6.7544656e+26
      800.000      600.000   9.1659024e+39   4.6210171e+25
      800.000      800.000   5.7429961e+39   1.6632216e+24
      800.000      1000.00   7.5592477e+39   1.2575490e+23
      800.000      1500.00   5.3367383e+39   7.0163167e+19
      800.000      2000.00   3.2483189e+39   3.3765429e+16
      800.000      2500.00   2.6417467e+39   2.1701838e+13
      800.000      3000.00   2.2210577e+39   1.4426633e+10
      800.000      3500.00   1.8226727e+39       9359584.5
      800.000      4000.00   1.5723148e+39       6379.7037
      800.000      5000.00   1.2302699e+39    0.0031194460
      800.000      5500.00   1.0927733e+39   2.1909730e-06
      800.000      6000.00   9.8323612e+38   1.5582145e-09
      800.000      7000.00   8.1200518e+38   8.0387606e-16
      800.000      8000.00   6.8001003e+38   4.2016631e-22
      800.000      10000.0   4.8859029e+38   1.1540149e-34
      1000.00      0.00000   7.3006330e+39   6.5683437e+28
      1000.00      50.0000   7.3329152e+39   5.1491378e+28
      1000.00      100.000   6.6352681e+39   2.9710226e+28
      1000.00      150.000   6.2316731e+39   1.6336418e+28
      1000.00      200.000   5.9566066e+39   8.4735342e+27
      1000.00      300.000   6.0069850e+39   2.2230564e+27
      1000.00      400.000   7.1043857e+39   6.4320448e+26
      1000.00      600.000   4.8954168e+39   2.5611668e+25
      1000.00      800.000   6.9887780e+39   2.1001943e+24
      1000.00      1000.00   4.3511432e+39   7.5116023e+22
      1000.00      1500.00   4.0036795e+39   5.4632782e+19
      1000.00      2000.00   5.4258832e+39   5.8513658e+16
      1000.00      2500.00   2.6114651e+39   2.2268607e+13
      1000.00      3000.00   2.1950188e+39   1.4794946e+10
      1000.00      3500.00   1.9346778e+39       10309917.
      1000.00      4000.00   1.6315417e+39       6871.3555
      1000.00      5000.00   1.2403425e+39    0.0032636289
      1000.00      5500.00   1.1042593e+39   2.2970557e-06
      1000.00      6000.00   9.8579765e+38   1.6213901e-09
      1000.00      7000.00   8.1682393e+38   8.3918725e-16
      1000.00      8000.00   6.8343908e+38   4.3822895e-22
      1000.00      10000.0   4.9057657e+38   1.2015753e-34
      1500.00      0.00000   5.1468365e+39   5.0183440e+28
      1500.00      50.0000   4.7118328e+39   3.6143006e+28
      1500.00      100.000   4.2217042e+39   2.0680790e+28
      1500.00      150.000   3.8877604e+39   1.1133145e+28
      1500.00      200.000   3.6998274e+39   5.7445731e+27
      1500.00      300.000   3.4152323e+39   1.3788743e+27
      1500.00      400.000   3.3329704e+39   3.2913492e+26
      1500.00      600.000   4.5967000e+39   2.6226916e+25
      1500.00      800.000   3.2616635e+39   1.0693723e+24
      1500.00      1000.00   3.4031966e+39   6.4088071e+22
      1500.00      1500.00   2.9466315e+39   4.3855036e+19
      1500.00      2000.00   4.2244017e+39   4.9707919e+16
      1500.00      2500.00   2.4538572e+39   2.2826017e+13
      1500.00      3000.00   3.6540892e+39   2.6859487e+10
      1500.00      3500.00   1.9926725e+39       11581949.
      1500.00      4000.00   1.6125464e+39       7409.4310
      1500.00      5000.00   1.3191559e+39    0.0037871043
      1500.00      5500.00   1.1683642e+39   2.6519152e-06
      1500.00      6000.00   1.0277240e+39   1.8438276e-09
      1500.00      7000.00   8.3299360e+38   9.3353738e-16
      1500.00      8000.00   6.9745698e+38   4.8783877e-22
      1500.00      10000.0   4.9446761e+38   1.3186969e-34
      2000.00      0.00000   5.1190163e+39   5.3673010e+28
      2000.00      50.0000   4.5686713e+39   3.8026744e+28
      2000.00      100.000   3.9347153e+39   2.0953930e+28
      2000.00      150.000   3.5775342e+39   1.1116952e+28
      2000.00      200.000   3.3731398e+39   5.6775981e+27
      2000.00      300.000   3.1279568e+39   1.3681159e+27
      2000.00      400.000   2.9446752e+39   3.1500928e+26
      2000.00      600.000   2.9798024e+39   1.8424261e+25
      2000.00      800.000   3.8436187e+39   1.3650521e+24
      2000.00      1000.00   2.8425533e+39   5.7983989e+22
      2000.00      1500.00   3.9238270e+39   6.3256446e+19
      2000.00      2000.00   2.3763450e+39   3.0290010e+16
      2000.00      2500.00   3.0894917e+39   3.1134595e+13
      2000.00      3000.00   2.0592023e+39   1.6405351e+10
      2000.00      3500.00   1.8584013e+39       11702443.
      2000.00      4000.00   2.6949364e+39       13415.904
      2000.00      5000.00   1.2617880e+39    0.0039242526
      2000.00      5500.00   1.1287671e+39   2.7755085e-06
      2000.00      6000.00   1.0354105e+39   2.0121158e-09
      2000.00      7000.00   8.7442205e+38   1.0616467e-15
      2000.00      8000.00   7.2089651e+38   5.4604863e-22
      2000.00      10000.0   4.9394182e+38   1.4237946e-34
      3000.00      0.00000   5.3420090e+39   6.3615497e+28
      3000.00      50.0000   4.9047529e+39   4.7210142e+28
      3000.00      100.000   4.1217896e+39   2.5531288e+28
      3000.00      150.000   3.5706676e+39   1.2865872e+28
      3000.00      200.000   3.2752691e+39   6.3753982e+27
      3000.00      300.000   3.0973553e+39   1.5640072e+27
      3000.00      400.000   2.9400546e+39   3.6298451e+26
      3000.00      600.000   2.7253229e+39   1.9438214e+25
      3000.00      800.000   2.6255268e+39   1.0761850e+24
      3000.00      1000.00   2.8345599e+39   6.6709245e+22
      3000.00      1500.00   2.3255534e+39   4.3272514e+19
      3000.00      2000.00   2.1590438e+39   3.1758173e+16
      3000.00      2500.00   2.3047625e+39   2.6798108e+13
      3000.00      3000.00   1.7007027e+39   1.5634089e+10
      3000.00      3500.00   1.6602066e+39       12064871.
      3000.00      4000.00   2.1050440e+39       12089.411
      3000.00      5000.00   1.1877044e+39    0.0042623981
      3000.00      5500.00   1.2319983e+39   3.4951601e-06
      3000.00      6000.00   1.6594285e+39   3.7211662e-09
      3000.00      7000.00   8.6062803e+38   1.2052804e-15
      3000.00      8000.00   6.9365322e+38   6.0558999e-22
      3000.00      10000.0   5.2282849e+38   1.7226839e-34
      4000.00      0.00000   5.6235867e+39   7.4664716e+28
      4000.00      50.0000   5.2253941e+39   5.7058792e+28
      4000.00      100.000   4.3947734e+39   3.1131178e+28
      4000.00      150.000   3.7247412e+39   1.5297165e+28
      4000.00      200.000   3.3229655e+39   7.3548970e+27
      4000.00      300.000   3.0650316e+39   1.7555067e+27
      4000.00      400.000   2.9610977e+39   4.1444152e+26
      4000.00      600.000   2.6952102e+39   2.1788765e+25
      4000.00      800.000   2.5123430e+39   1.1671068e+24
      4000.00      1000.00   2.3772936e+39   6.3417790e+22
      4000.00      1500.00   2.9585935e+39   6.2383348e+19
      4000.00      2000.00   1.9268935e+39   3.2116752e+16
      4000.00      2500.00   1.7349334e+39   2.2862881e+13
      4000.00      3000.00   2.1330073e+39   2.2224675e+10
      4000.00      3500.00   1.4968911e+39       12328684.
      4000.00      4000.00   1.2782486e+39       8322.4890
      4000.00      5000.00   1.4439519e+39    0.0058731168
      4000.00      5500.00   1.2344957e+39   3.9688042e-06
      4000.00      6000.00   9.3998974e+38   2.3886491e-09
      4000.00      7000.00   8.0643087e+38   1.2789568e-15
      4000.00      8000.00   1.1299242e+39   1.1152992e-21
      4000.00      10000.0   4.9989518e+38   1.8367428e-34
      4500.00      0.00000   5.6492298e+39   7.8775726e+28
      4500.00      50.0000   5.2625059e+39   6.0835004e+28
      4500.00      100.000   4.4156101e+39   3.3264678e+28
      4500.00      150.000   3.7028287e+39   1.6166132e+28
      4500.00      200.000   3.2570855e+39   7.6486786e+27
      4500.00      300.000   2.9689033e+39   1.8015181e+27
      4500.00      400.000   2.8796850e+39   4.2674370e+26
      4500.00      600.000   2.6017439e+39   2.2269665e+25
      4500.00      800.000   2.4158915e+39   1.1880367e+24
      4500.00      1000.00   2.2834310e+39   6.4490767e+22
      4500.00      1500.00   2.1698737e+39   4.8454619e+19
      4500.00      2000.00   1.9057008e+39   3.3632900e+16
      4500.00      2500.00   1.6338369e+39   2.2797454e+13
      4500.00      3000.00   1.5321277e+39   1.6896707e+10
      4500.00      3500.00   2.0058309e+39       17486465.
      4500.00      4000.00   1.2723095e+39       8767.1256
      4500.00      5000.00   1.0317208e+39    0.0044423488
      4500.00      5500.00   1.1319495e+39   3.8528600e-06
      4500.00      6000.00   1.2675583e+39   3.4096258e-09
      4500.00      7000.00   7.6052531e+38   1.2762504e-15
      4500.00      8000.00   6.8896940e+38   7.1845293e-22
      4500.00      10000.0   5.5990790e+38   2.1525522e-34
      5000.00      0.00000   4.7314120e+39   5.8830507e+28
      5000.00      50.0000   4.4617185e+39   4.6445802e+28
      5000.00      100.000   3.8329754e+39   2.6243046e+28
      5000.00      150.000   3.2984489e+39   1.3106002e+28
      5000.00      200.000   2.9834201e+39   6.3768257e+27
      5000.00      300.000   2.6819438e+39   1.4791574e+27
      5000.00      400.000   2.6528412e+39   3.5714778e+26
      5000.00      600.000   2.4242223e+39   1.8850906e+25
      5000.00      800.000   2.2759588e+39   1.0167140e+24
      5000.00      1000.00   2.1462193e+39   5.5054808e+22
      5000.00      1500.00   1.9184721e+39   3.8898356e+19
      5000.00      2000.00   2.0304612e+39   3.2552213e+16
      5000.00      2500.00   1.5490257e+39   1.9632621e+13
      5000.00      3000.00   1.4062931e+39   1.4086661e+10
      5000.00      3500.00   1.3645273e+39       10804758.
      5000.00      4000.00   1.5621542e+39       9778.9107
      5000.00      5000.00   9.6405679e+38    0.0037703117
      5000.00      5500.00   9.0932982e+38   2.8103510e-06
      5000.00      6000.00   9.4718477e+38   2.3135031e-09
      5000.00      7000.00   8.4115674e+38   1.2804539e-15
      5000.00      8000.00   6.2903254e+38   5.9400472e-22
      5000.00      10000.0   8.1512066e+38   2.8020762e-34
      6000.00      0.00000   3.4154420e+39   3.3908486e+28
      6000.00      50.0000   3.1924298e+39   2.6969636e+28
      6000.00      100.000   2.8246579e+39   1.5953788e+28
      6000.00      150.000   2.5368619e+39   8.3514907e+27
      6000.00      200.000   2.3463543e+39   4.1526630e+27
      6000.00      300.000   2.1400227e+39   9.7554934e+26
      6000.00      400.000   2.1350433e+39   2.3730360e+26
      6000.00      600.000   2.0040992e+39   1.2861758e+25
      6000.00      800.000   1.8649005e+39   6.8721331e+23
      6000.00      1000.00   1.7600860e+39   3.7258093e+22
      6000.00      1500.00   1.5832464e+39   2.6487774e+19
      6000.00      2000.00   1.5263804e+39   2.0194923e+16
      6000.00      2500.00   1.4486528e+39   1.5146204e+13
      6000.00      3000.00   1.2291198e+39   1.0158793e+10
      6000.00      3500.00   1.1314272e+39       7390496.9
      6000.00      4000.00   1.0650314e+39       5499.2329
      6000.00      5000.00   1.0075203e+39    0.0032485054
      6000.00      5500.00   8.2768766e+38   2.1081494e-06
      6000.00      6000.00   7.5331655e+38   1.5147715e-09
      6000.00      7000.00   7.1310227e+38   8.9150024e-16
      6000.00      8000.00   8.4079683e+38   6.4756501e-22
      6000.00      10000.0   4.5995992e+38   1.2452726e-34
      8000.00      0.00000   1.8150059e+39   1.1643949e+28
      8000.00      50.0000   1.7446354e+39   9.7225600e+27
      8000.00      100.000   1.5907274e+39   6.0823704e+27
      8000.00      150.000   1.4785007e+39   3.3296408e+27
      8000.00      200.000   1.4040943e+39   1.7033199e+27
      8000.00      300.000   1.3264829e+39   4.1344440e+26
      8000.00      400.000   1.2830498e+39   9.7329097e+25
      8000.00      600.000   1.2915797e+39   5.6404238e+24
      8000.00      800.000   1.1631674e+39   2.9156933e+23
      8000.00      1000.00   1.0929678e+39   1.5729709e+22
      8000.00      1500.00   9.9932404e+38   1.1361770e+19
      8000.00      2000.00   9.2335491e+38   8.2988200e+15
      8000.00      2500.00   8.8443936e+38   6.2804435e+12
      8000.00      3000.00   1.1690944e+39   6.5581400e+09
      8000.00      3500.00   8.2931195e+38       3673745.2
      8000.00      4000.00   7.5954849e+38       2655.7618
      8000.00      5000.00   6.7554308e+38    0.0014681442
      8000.00      5500.00   6.5580071e+38   1.1215154e-06
      8000.00      6000.00   7.8641732e+38   1.0559510e-09
      8000.00      7000.00   5.6036488e+38   4.5925912e-16
      8000.00      8000.00   4.9989355e+38   2.4442244e-22
      8000.00      10000.0   5.2531173e+38   7.9866521e-35
      10000.0      0.00000   9.7527111e+38   4.0307766e+27
      10000.0      50.0000   9.5579547e+38   3.4633483e+27
      10000.0      100.000   9.0233992e+38   2.2815114e+27
      10000.0      150.000   8.4936155e+38   1.2777071e+27
      10000.0      200.000   8.1386205e+38   6.6262283e+26
      10000.0      300.000   7.7981674e+38   1.6345644e+26
      10000.0      400.000   7.6264123e+38   3.8828677e+25
      10000.0      600.000   7.9114957e+38   2.3100022e+24
      10000.0      800.000   7.3014905e+38   1.2209588e+23
      10000.0      1000.00   6.6481609e+38   6.3739471e+21
      10000.0      1500.00   5.9510812e+38   4.4993227e+18
      10000.0      2000.00   5.6369639e+38   3.3591026e+15
      10000.0      2500.00   5.4922265e+38   2.5774420e+12
      10000.0      3000.00   5.3789700e+38   1.9853217e+09
      10000.0      3500.00   6.1977337e+38       1795910.5
      10000.0      4000.00   5.9722957e+38       1355.3632
      10000.0      5000.00   4.8921158e+38   0.00067486635
      10000.0      5500.00   4.6545643e+38   4.9735027e-07
      10000.0      6000.00   4.4227408e+38   3.6403864e-10
      10000.0      7000.00   4.2295159e+38   2.0182771e-16
      10000.0      8000.00   4.9168639e+38   1.3032900e-22
      10000.0      10000.0   3.3982912e+38   2.2827142e-35
      12000.0      0.00000   4.7969052e+38   1.1366114e+27
      12000.0      50.0000   4.7224249e+38   9.8611628e+26
      12000.0      100.000   4.5465650e+38   6.6809116e+26
      12000.0      150.000   4.3735096e+38   3.8538792e+26
      12000.0      200.000   4.2320904e+38   2.0287744e+26
      12000.0      300.000   4.1244087e+38   5.1194503e+25
      12000.0      400.000   4.1411355e+38   1.2502091e+25
      12000.0      600.000   4.0236664e+38   6.9610517e+23
      12000.0      800.000   4.4907241e+38   4.4334433e+22
      12000.0      1000.00   3.8807385e+38   2.1878005e+21
      12000.0      1500.00   3.3066910e+38   1.4554327e+18
      12000.0      2000.00   3.1894288e+38   1.0953321e+15
      12000.0      2500.00   3.2507179e+38   8.6905286e+11
      12000.0      3000.00   3.3973876e+38   7.0389593e+08
      12000.0      3500.00   3.4026344e+38       543637.47
      12000.0      4000.00   3.5289701e+38       432.35842
      12000.0      5000.00   3.5621710e+38   0.00025130802
      12000.0      5500.00   3.3436860e+38   1.7667869e-07
      12000.0      6000.00   3.2926891e+38   1.2897661e-10
      12000.0      7000.00   2.9519113e+38   6.1207109e-17
      12000.0      8000.00   2.7588475e+38   2.8485781e-23
      12000.0      10000.0   2.8679745e+38   5.7555792e-36
      15000.0      0.00000   1.0742172e+38   5.0937116e+25
      15000.0      50.0000   1.0668874e+38   4.4671073e+25
      15000.0      100.000   1.0618476e+38   3.1461658e+25
      15000.0      150.000   1.0646937e+38   1.9036447e+25
      15000.0      200.000   1.0770682e+38   1.0546613e+25
      15000.0      300.000   1.1638515e+38   2.9839440e+24
      15000.0      400.000   1.3025559e+38   8.1980171e+23
      15000.0      600.000   1.3214449e+38   4.8411416e+22
      15000.0      800.000   1.7387410e+38   3.6891434e+21
      15000.0      1000.00   1.8286316e+38   2.2505456e+20
      15000.0      1500.00   1.2553248e+38   1.2643795e+17
      15000.0      2000.00   1.1827642e+38   1.0016641e+14
      15000.0      2500.00   1.2227598e+38   9.0765289e+10
      15000.0      3000.00   1.4220523e+38       97936210.
      15000.0      3500.00   1.6394148e+38       111726.83
      15000.0      4000.00   1.8173593e+38       130.38072
      15000.0      5000.00   1.9661405e+38   0.00017824052
      15000.0      5500.00   3.0243563e+38   3.1829596e-07
      15000.0      6000.00   2.1946366e+38   2.6915941e-10
      15000.0      7000.00   1.8971896e+38   3.0878681e-16
      15000.0      8000.00   1.7966708e+38   3.6420649e-22
      15000.0      10000.0   1.6348791e+38   3.9001337e-34
      18000.0      0.00000   3.0536000e+37   5.7171018e+23
      18000.0      50.0000   3.1058192e+37   5.1366155e+23
      18000.0      100.000   3.2057874e+37   3.7556129e+23
      18000.0      150.000   3.4388257e+37   2.4370260e+23
      18000.0      200.000   3.6650977e+37   1.4262108e+23
      18000.0      300.000   4.4733206e+37   4.5946031e+22
      18000.0      400.000   5.7737282e+37   1.4749552e+22
      18000.0      600.000   5.8486667e+37   9.0978084e+20
      18000.0      800.000   6.3591303e+37   6.2566395e+19
      18000.0      1000.00   1.1831200e+38   7.9060337e+18
      18000.0      1500.00   6.5209699e+37   8.2188753e+15
      18000.0      2000.00   5.1823674e+37   2.0734302e+13
      18000.0      2500.00   4.1355851e+37   6.2676447e+10
      18000.0      3000.00   4.9392256e+37   2.9073470e+08
      18000.0      3500.00   6.4346047e+37       1455737.5
      18000.0      4000.00   8.1986048e+37       7007.9953
      18000.0      5000.00   1.1661247e+38      0.13409821
      18000.0      5500.00   1.2359007e+38   0.00050566917
      18000.0      6000.00   1.2834523e+38   1.8266789e-06
      18000.0      7000.00   1.5518571e+38   2.4951877e-11
      18000.0      8000.00   1.1944107e+38   1.9658636e-16
      18000.0      10000.0   1.0484608e+38   1.3036924e-26
      24000.0      0.00000   1.1554518e+37   7.1042137e+17
      24000.0      50.0000   1.2209358e+37   6.6274855e+17
      24000.0      100.000   1.3339917e+37   5.1250618e+17
      24000.0      150.000   1.4893356e+37   3.4575169e+17
      24000.0      200.000   1.6860407e+37   2.1476755e+17
      24000.0      300.000   2.1753472e+37   7.3362041e+16
      24000.0      400.000   2.7790050e+37   2.3657680e+16
      24000.0      600.000   2.8428384e+37   1.6477088e+15
      24000.0      800.000   2.8675099e+37   1.4859942e+14
      24000.0      1000.00   3.8533034e+37   2.6186415e+13
      24000.0      1500.00   6.3714653e+37   6.3696305e+11
      24000.0      2000.00   3.6342585e+37   6.4618142e+09
      24000.0      2500.00   1.9692346e+37       61178514.
      24000.0      3000.00   5.2501038e+36       277233.06
      24000.0      3500.00   4.7979927e+36       4186.0671
      24000.0      4000.00   8.6518513e+36       121.21512
      24000.0      5000.00   2.2853536e+37     0.075699008
      24000.0      5500.00   3.2204731e+37    0.0015692428
      24000.0      6000.00   4.2924566e+37   2.9858602e-05
      24000.0      7000.00   6.6655524e+37   8.6238786e-09
      24000.0      8000.00   7.0727870e+37   1.5002847e-12
      24000.0      10000.0   6.3285720e+37   2.4344668e-20
